taxonid,fullname,Author,source
1471,Abarbatia pistachia,,
1473,Acanthina brevidentata,"(Wood, 1828)",MCZbase
1474,Acanthina lapilloides,"(Conrad, 1837)",Catalogue of Life
1477,Acanthina muricata,"(Sowerby, 1835)",MCZbase
1480,Acanthina tuberculata,"(G. B. Sowerby I, 1835)",Catalogue of Life
1487,Acera soluta,,
1509,Acrosterigma flavum,"(Linnaeus, 1758)",Catalogue of Life
1510,Actaeopyramis natalensis,,
1511,Acteocina avanaria,,
1512,Acteocina belli,,
1514,Acteocina meridionalis,,
1516,Acteon punctocaelatus,"(Carpenter, 1864)",Catalogue of Life
1517,Actinonaias carinata,"(Barnes, 1823)",WoRMS
1521,Aeolidiella indica,"Bergh, 1888",Catalogue of Life
1522,Aequipecten circularis,"(Sowerby, 1835)",
1523,Aequipecten gibbus,"(Linnaeus, 1758)",ITIS
1524,Aequipecten irradians,"(Lamarck, 1819)",ITIS
1525,Aequipecten muscosus,"(W. Wood, 1828)",Catalogue of Life
1534,Afrocominella capensis,"(Dunker, 1844)",Catalogue of Life
1536,Afrocominella turtoni,"(Bartsch, 1915)",Catalogue of Life
1539,Amatholedonta bimunita,"(Connolly, 1939)",Catalogue of Life
1540,Afrodonta burnupi,"Connolly, 1933",Catalogue of Life
1543,Afrodonta inhluzaniensis,"(Burnup, 1912)",Catalogue of Life
1544,Afrodonta introtubertulata,,
1546,Afrodonta perfida,"(Burnup, 1912)",Catalogue of Life
1547,Afrodonta unilamellaris,"Connolly, 1933",Catalogue of Life
1549,Afrorhytida burseyae,"Herbert & Moussalli, 2010",Catalogue of Life
1550,Afrorhytida knysnaensis,"(L. Pfeiffer, 1846)",Catalogue of Life
1551,Afrorhytida kraussi,"(L. Pfeiffer, 1846)",Catalogue of Life
1552,Afrorhytida trimeni,"(Melvill & Ponsonby, 1892)",Catalogue of Life
1577,Amanea minor,,
1579,Amblema costata,"Rafinesque, 1820",Catalogue of Life
1580,Amblema perplicata,"(Conrad, 1841)",Catalogue of Life
1582,Amblychilepas cheminitzii,,
1587,Amesodesma angusta,,
1588,Amnicola zonata,"Amnicola (Amnicola) zonata (Eichwald, 1850)",Catalogue of Life
1598,Amphidesma australe,"G. B. Sowerby I, 1833",Catalogue of Life
1601,Amphidesma ventricosum,"C. B. Adams, 1852",Catalogue of Life
1607,Anachis atrata,"(Gould, 1860)",Catalogue of Life
1608,Anachis burnupi,"(E. A. Smith, 1901)",Catalogue of Life
1609,Anachis consanguinea,"(G. B. Sowerby III, 1897)",Catalogue of Life
1610,Anachis kraussi,[sic],Catalogue of Life
1612,Anachis lightfooti,"(E. A. Smith, 1901)",Catalogue of Life
1614,Anachis sparsa,"(Reeve, 1859)",Catalogue of Life
1615,Anachis stimpsoni,"(Bartsch, 1915)",Catalogue of Life
1616,Anachis troglodytes,"(Souverbie, 1866)",
1617,Anachis veleda,"(Duclos, 1846)",Catalogue of Life
1628,Anadara ovalis,"(Bruguière, 1789)",Catalogue of Life
1629,Anadara senilis,"(Linnaeus, 1758)",Catalogue of Life
1630,Anadara subcrenata,(Lischke),MCZbase
1632,Anadara trapezia,"(Deshayes, 1839)",Catalogue of Life
1637,Ancilla apicalis,"Kira, 1959",
1638,Ancilla australis,,
1641,Ancilla contusa,"(Reeve, 1864)",Catalogue of Life
1644,Ancilla glabrata,"(Linnaeus, 1758)",Catalogue of Life
1645,Ancilla marginata,"Lamarck, 1811",MCZbase
1647,Ancilla mucronata,"G.B. Sowerby I, 1830",MCZbase
1648,Ancilla obesa,"(G. B. Sowerby II, 1859)",Catalogue of Life
1649,Ancilla oblonga,,
1650,Ancilla obtusa,"(Swainson, 1825)",Catalogue of Life
1651,Ancilla optima,"G. B. Sowerby III, 1897",Catalogue of Life
1652,Ancilla reevei,"E. A. Smith, 1904",Catalogue of Life
1653,Ancilla similis,,
1654,Ancistrosyrinx radiata,"(Dall, 1889)",Catalogue of Life
1655,Angaria atrata,"(Gmelin, 1791)",Catalogue of Life
1658,Angaria laciniata,"(Lamarck, 1816)",Catalogue of Life
1660,Angulus gaimardi,"(Iredale, 1915)",Catalogue of Life
1662,Angulus tenuis,"(da Costa, 1778)",Catalogue of Life
1663,Anisodiloma lugubris,Gmel.,MCZbase
1672,Anomalocardia rostrata,,
1676,Anomia descripta,"Iredale, 1936",Catalogue of Life
1684,Antigona lamellaris,"Schumacher, 1817",Catalogue of Life
1688,Appisania crenilabrum,,
1689,Appisania fasciculata,Dill,MCZbase
1690,Appisania flammulata,,
1691,Appisania strigata,,
1699,Apollon gyrinus,,
1700,Apollon perca,"(Perry, 1811)",WoRMS
1701,Apollon pusillus,"(Broderip, 1833)",Catalogue of Life
1703,Aporrhais occidentalis,"(Beck, 1836)",Catalogue of Life
1707,Aptyxis luteopicta,"(Dall, 1877)",Catalogue of Life
1709,Arca hawaiiensis,"Ostergaard, 1928",Catalogue of Life
1724,Arcopsis lactea,,
1725,Arcopsis symmetrica,"(Reeve, 1844)",Catalogue of Life
1737,Aspastus multicocheilus,,
1740,Aspella cellulosa,,
1741,Aspella cellulosus,,
1743,Aspergillum strangulatum,"Chenu, 1843",WoRMS
1745,Assiminea umlaasiana,"E. A. Smith, 1902",Catalogue of Life
1749,Lithopoma americana,,
1750,Astraea andersoni,,
1753,Astralium calcar,"(Linnaeus, 1758)",Catalogue of Life
1755,Astraea modestum,,
1756,Astraea olfersi,Troschel,MCZbase
1759,Astraea tayloriana,"(E. A. Smith, 1880)",Catalogue of Life
1760,Astraea tecta,"(Lightfoot, 1786)",ITIS
1761,Astraea triumphans,Philippi,MCZbase
1762,Lithopoma tuber,"(Linnaeus, 1758)",Catalogue of Life
1763,Megastraea undosa,"(W. Wood, 1828)",Catalogue of Life
1765,Atractodea glabrata,,
1772,Attiliosa sperata,"(Cossmann, 1921)",WoRMS
1773,Atys cylindrica,[sic],Catalogue of Life
1779,Austrocochlea odontis,"(W. Wood, 1828)",Catalogue of Life
1780,Austrodrillia bairstowi,,
1781,Austrodrillia burnupi,"(G. B. Sowerby III, 1897)",Catalogue of Life
1782,Austrodrillia diversa,,
1784,Austrodrillia subcontracta,,
1785,Austrodrillia thetis,,
1786,Austrofusus alternatus,"(Philippi, 1847)",Catalogue of Life
1794,Austrosassia parkinsoniana,[sic],Catalogue of Life
1795,Austrotriton purkensoni,,
1796,Austrovenus stutchburyi,"(W. Wood, 1828)",Catalogue of Life
1801,Babylonia papillaris,"(G. B. Sowerby I, 1825)",Catalogue of Life
1803,Balylonia pintado,,
1806,Barbatia coelata,"(Reeve, 1844)",WoRMS
1812,Barbatia petasion,"Kilburn, 1983",Catalogue of Life
1814,Barbatia plicata,"(Dillwyn, 1817)",Catalogue of Life
1819,Barnea costata,"(Linnaeus, 1758)",Catalogue of Life
1821,Barnea maritima,,
1823,Baryspira australis,"(G. B. Sowerby I, 1830)",Catalogue of Life
1824,Baryspira mucronata,"(G. B. Sowerby I, 1830)",Catalogue of Life
1828,Bathyspira australis,,
1832,Batillaria alexandri,,
1833,Batillaria cumingii,"(Crosse, 1862)",WoRMS
1835,Batillaria subcarinatus,,
1837,Bedeva assisi,,
1838,Bedeva hanleyi,,
1844,Benthoclionella visagei,,
1846,Beringius adelficus,,
1847,Berthella granulata,"(Krauss, 1848)",Catalogue of Life
1851,Biplex jacundum,,
1854,Bittium filosum,"(Gould, 1849)",
1856,Bittium varium,"(L. Pfeiffer, 1840)",Catalogue of Life
1862,Booneostrea rehderi,,
1867,Buccinanops deformis,"(P. P. King, 1832)",Catalogue of Life
1868,Buccinanops duartei,"Klappenbach, 1961",Catalogue of Life
1870,Buccinanops gradatus,"(Deshayes, 1844)",Catalogue of Life
1871,Buccinanops uruguayanus,,
1872,Buccinanops vittatum,"(Linnaeus, 1767)",
1874,Buccinulum lineum,"(Martyn, 1784)",MCZbase
1876,Buccinulum strebeli,"(Suter, 1908)",WoRMS
1886,Bulinus tentaculata,Linn.,MCZbase
1894,Bulla quoyi,"Gray in A. Adams, 1850",Catalogue of Life
1919,Bullina trophicus,,
1920,Burnupena arcta,,
1928,Burnupena tigrina,"(Kiener, 1834)",Catalogue of Life
1929,Burnupia capensis,"(B. Walker, 1912)",Catalogue of Life
1931,Bursa californica,"(Hinds, 1843)",Catalogue of Life
1935,Bursa crumenoides,,
1936,Bursa crumenoria,,
1937,Bursa foliata,Brod.,MCZbase
1941,Bursa pustulosa,"(L.Reeve, 1844)",
1942,Bursa rana,"(Linnaeus, 1758)",Catalogue of Life
1947,Bursa semigranosa,"Lamarck, 1822",ITIS
1953,Busycon coarctatum,"(G. B. Sowerby I, 1825)",Catalogue of Life
1956,Busycon spiratum,"(Lamarck, 1816)",ITIS
1958,Cadulus booceras,"Tomlin, 1926",Catalogue of Life
1960,Caecum nitidum,"Stimpson, 1851",Catalogue of Life
1961,Calfridus speciosus,,
1968,Calliostoma cunninghamii,"(Gray, 1833)",WoRMS
1969,Calliostoma doliarium,"(Chemnitz, 1788)",
1972,Calliostoma granulatum,"(Born, 1778)",Catalogue of Life
1977,Calliostoma monile,"Reeve, 1863",
1979,Calliostoma ornatum,"(Lamarck, 1822)",Catalogue of Life
1980,Calliostoma papillosa,"(da Costa, 1778)",Catalogue of Life
1983,Calliostoma punctulatum,"(Martyn, 1784)",Catalogue of Life
1997,Callista purpurata,,
1998,Callochiton castaneus,"Callochiton (Trachyradsia) castaneus (W. Wood, 1815)",Catalogue of Life
2005,Camaena monochroa,"Camaena (Camaena) monochroa (G. B. Sowerby I, 1841)",Catalogue of Life
2008,Campeloma solida,,
2009,Campeloma teniculum,,
2010,Cancellaria assidiformis,,
2011,Cancellaria cancellata,"(Linnaeus, 1767)",Catalogue of Life
2012,Cancellaria cassidaeformis,[sic],WoRMS
2013,Cancellaria crispa,"G. B. Sowerby I, 1832",Catalogue of Life
2014,Cancellaria laticostata,"Tenison-Woods, 1880",Catalogue of Life
2020,Subcancilla circula,"(Kiener, 1838)",Catalogue of Life
2022,Ziba flammigera,"(Reeve, 1844)",Catalogue of Life
2023,Mitra incarnata,"Reeve, 1845",Catalogue of Life
2026,Canneotus mitriformis,,
2028,Cantharidus bellulus,"Cantharidus (Phasianotrochus) bellulus (Dunker, 1845)",MCZbase
2029,Cantharidus chlorostomus,,
2030,Phasianotrochus eximius,"(Perry, 1811)",Catalogue of Life
2031,Cantharidus fasciatus,"(Menke, 1830)",MCZbase
2033,Cantharidus irisodontes,"Cantharidus (Phasianotrochus) irisodontes (Quoy & Gaimard, 1834)",MCZbase
2034,Prothalotia lehmanni,"(Menke, 1843)",Catalogue of Life
2038,Cantharidus rosea,,
2039,Cantharidus striatus,"(Linnaeus, 1758)",
2041,Jujubinus suarezensis,"(P. Fischer, 1878)",Catalogue of Life
2042,Cantharidus undosus,,
2043,Cantharidus unidentatus,,
2044,Cantharus anomalus,,
2045,Cantharus aurutula,,
2046,Cantharus capitanea,"(Berry, 1957)",Catalogue of Life
2049,Cantharus dorbignyi,"(Payraudeau, 1826)",WoRMS
2055,Cantharus macrospira,Berry,MCZbase
2056,Cantharus microspira,,
2057,Cantharus mollis,"Cantharus (Pollia) mollis (Gould, 1860)",Catalogue of Life
2058,Cantharus multiangulata,,
2059,Cantharus multiangulus,,
2062,Cantharus tinctus,"(Conrad, 1846)",Catalogue of Life
2064,Cantharus viverratus,"(Kiener, 1834)",Catalogue of Life
2065,Capitina calcicola,"Herbert & Moussalli, 2010",Catalogue of Life
2066,Capitina schaerfiae,"(L. Pfeiffer, 1861)",Catalogue of Life
2067,Caporbis formosus,"(W. H. Turton, 1932)",Catalogue of Life
2069,Caracolus caracolla,Linne,MCZbase
2070,Caracolus excellens,"(L. Pfeiffer, 1853)",Catalogue of Life
2072,Cardita ajar,"Bruguière, 1792",Catalogue of Life
2074,Cardita mera,,
2080,Cardium aculeatum,"Linnaeus, 1758",Catalogue of Life
2081,Cardium burnupi,"G. B. Sowerby III, 1897",Catalogue of Life
2083,Cardium dupuchense,"Reeve, 1845",Catalogue of Life
2084,Cardium echinatum,"Linnaeus, 1758",Catalogue of Life
2085,Cardium edule,"Linnaeus, 1758",Catalogue of Life
2086,Cardium egmontianum,"Shuttleworth, 1856",
2087,Cardium flavum,"Linnaeus, 1758",
2088,Cardium ingratum,"V. P. Kolesnikov, 1929",WoRMS
2089,Cardium isocardia,"Linnaeus, 1758",Catalogue of Life
2090,Cardium lyratum,"G. B. Sowerby II, 1840",Catalogue of Life
2092,Cardium medium,"Linnaeus, 1758",Catalogue of Life
2094,Cardium muticum,"Reeve, 1844",WoRMS
2095,Cardium norvegicum,"Cardium (Laevicardium) norvegicum Spengler, 1799",Catalogue of Life
2096,Cardium nuttallii,"Conrad, 1837",Catalogue of Life
2097,Cardium procerum,"G. B. Sowerby I, 1833",Catalogue of Life
2098,Cardium pseudolima,"Lamarck, 1819",Catalogue of Life
2099,Cardium racketti,"Donovan, 1825",
2100,Cardium retusum,"Linnaeus, 1767",Catalogue of Life
2101,Cardium ringens,"Bruguière, 1789",Catalogue of Life
2102,Cardium rubicundum,"Reeve, 1844",Catalogue of Life
2104,Cardium ruthenicum,"Hilber, 1882",WoRMS
2106,Cardium setosum,"Redfield, 1846",Catalogue of Life
2107,Cardium substriatum,"Conrad, 1837",Catalogue of Life
2109,Cardium turtoni,"G. B. Sowerby III, 1894",Catalogue of Life
2110,Cardium unedo,"Linnaeus, 1758",Catalogue of Life
2111,Carinodrillia haliplexa,,
2112,Carunculina parva,"(Barnes, 1823)",Catalogue of Life
2113,Casmaria erinaceus,"(Linnaeus, 1758)",Catalogue of Life
2115,Cassidaria echinophora,"(Linnaeus, 1758)",Catalogue of Life
2119,Cassis bicarinata,"Jonas, 1839",Catalogue of Life
2123,Cassis granulatum,,
2125,Cassis rufa,"(Linnaeus, 1758)",Catalogue of Life
2126,Cassis rugosa,"Röding, 1798",Catalogue of Life
2130,Cassis zeylanica,"Lamarck, 1822",Catalogue of Life
2135,Cavolinia trispinosa,"(Blainville, 1821)",Catalogue of Life
2137,Cecilioides gokweanus,,
2139,Cellana argentatus,Sow.,MCZbase
2146,Scutellastra laticostata,"(Blainville, 1825)",Catalogue of Life
2151,Cellana redimiculum,(Menke),MCZbase
2159,Cepolis bonplande,,
2161,Cerion alveare,,
2163,Cerion dalli,"(Maynard, 1889)",Catalogue of Life
2164,Cerion importeil,,
2167,Cerion mayardi,,
2168,Cerion melanostomum,"Clench, 1934",WoRMS
2169,Cerion mumea,,
2172,Cerion saloutori,,
2180,Cerithidea negewischi,,
2185,Cerithidiopsis fluviatilis,,
2188,Cerithiopsis litteratum,,
2190,Cerithium alexandri,"Tomlin, 1923",Catalogue of Life
2191,Cerithium algicola,"C. B. Adams, 1845",Catalogue of Life
2194,Cerithium articulatum,"A. Adams & Reeve, 1850",Catalogue of Life
2197,Cerithium bifasciatum,"G. B. Sowerby II, 1855",Catalogue of Life
2199,Cerithium chemnitzianum,"Pilsbry, 1901",Catalogue of Life
2202,Cerithium corallinum,Kien,MCZbase
2209,Cerithium fulgata,,
2210,Cerithium humilis,,
2211,Cerithium irroratum,"Gould, 1849",Catalogue of Life
2212,Cerithium literatum,Nomen Nudum,ITIS
2214,Cerithium moniliferum,"Kiener, 1841",Catalogue of Life
2216,Cerithium muscarium,Say,MCZbase
2223,Cerithium sculptum,"Pease, 1869",Catalogue of Life
2226,Cerithium tortulosus,,
2229,Cerithium variabile,"C. B. Adams, 1845",Catalogue of Life
2231,Cerithium vertagus,"(Linnaeus, 1767)",Catalogue of Life
2239,Chama cristata,,
2240,Chama fibula,"Reeve, 1846",Catalogue of Life
2242,Chama iostoma,"Conrad, 1837",Catalogue of Life
2247,Chama pulchella,"Reeve, 1846",Catalogue of Life
2248,Chambardia petersi,"(E. von Martens, 1860)",Catalogue of Life
2251,Charis bicolor,"Gemminger & Harold, 1873",Catalogue of Life
2253,Charonia capax,"Finlay, 1926",Catalogue of Life
2258,Charonia rubicunda,"(Perry, 1811)",Catalogue of Life
2262,Charopa anguiculus,"(Reeve, 1852)",Catalogue of Life
2265,Charopa costulifera,Pfr.,MCZbase
2271,Chicoreus bicolor,,
2275,Chicoreus extraneous,,
2277,Chicoreus foliatus,,
2278,Chicoreus laciniatus,"(G. B. Sowerby II, 1841)",Catalogue of Life
2281,Chicoreus permesta,,
2285,Chicoreus regius,"(Swainson, 1821)",Catalogue of Life
2287,Chicoreus stainforthi,"(Reeve, 1843)",Catalogue of Life
2291,Chione antapurpurea,,
2295,Chione granulata,,
2296,Chione guidia,,
2298,Chione pectorina,Lam.,MCZbase
2299,Chione pubers,,
2302,Radsia nigrovirescens,"(Blainville, 1825)",Catalogue of Life
2309,Chlamys aktinos,"(Petterd, 1886)",
2312,Chlamys circularis,"(Sowerby, 1835)",ITIS
2314,Chlamys delicatula,,
2316,Chlamys farreri,"(Jones & Preston, 1904)",Catalogue of Life
2317,Chlamys flabellum,"(Gmelin, 1791)",Catalogue of Life
2318,Chlamys fultoni,"G. B. Sowerby III, 1904",Catalogue of Life
2319,Chlamys gibbus,"(Linnaeus, 1758)",
2320,Chlamys gloriosa,"(Reeve, 1853)",Catalogue of Life
2322,Chlamys humilis,"G. B. Sowerby III, 1904",Catalogue of Life
2323,Chlamys irradians,"(Lamarck, 1819)",
2325,Chlamys lemniscata,"(Reeve, 1853)",Catalogue of Life
2326,Chlamys leopardus,"(Reeve, 1853)",
2327,Chlamys lividus,,
2329,Chlamys noblis,,
2330,Chlamys nodosus,"(Linnaeus, 1758)",
2331,Chlamys opercularis,"(Linnaeus, 1758)",Catalogue of Life
2332,Chlamys pallium,"(Linnaeus, 1758)",Catalogue of Life
2333,Chlamys senatoria,"(Gmelin, 1791)",Catalogue of Life
2334,Chlamys sentis,"(Reeve, 1853)",ITIS
2335,Chlamys septemradiatus,,
2336,Chlamys squamata,"(Gmelin, 1791)",Catalogue of Life
2338,Chlamys suprasilis,"Finlay, 1928",Catalogue of Life
2339,Chlamys swifti,"(Bernardi, 1858)",
2340,Chlamys tigerina,,
2342,Chlamys varia,"(Linnaeus, 1758)",Catalogue of Life
2343,Chlamys varius,"(Linnaeus, 1758)",WoRMS
2344,Chlamys weberi,"Bavay, 1904",Catalogue of Life
2345,Chloritis radomphala,,
2346,Chlorostoma nigerrima,"(Gmelin, 1791)",Catalogue of Life
2347,Chondrocyclus alabastris,"(Craven, 1881)",Catalogue of Life
2348,Chondrocyclus amathole,"Cole, 2019",Catalogue of Life
2351,Chondrocyclus cooperae,"Cole, 2019",Catalogue of Life
2352,Chondrocyclus devilliersi,"Cole, 2019",Catalogue of Life
2354,Chondrocyclus herberti,"Cole, 2019",Catalogue of Life
2356,Chondrocyclus kevincolei,"Cole, 2019",Catalogue of Life
2357,Chondrocyclus langebergensis,"Cole, 2019",Catalogue of Life
2358,Chondrocyclus meredithae,"van Bruggen, 1983",Catalogue of Life
2360,Chondrocyclus pondoensis,"Cole, 2019",Catalogue of Life
2361,Chondrocyclus pulcherrimus,"Cole, 2019",Catalogue of Life
2362,Chondrocyclus putealis,"Connolly, 1939",Catalogue of Life
2363,Chondrocyclus silvicolus,"Cole, 2019",Catalogue of Life
2364,Chondrocyclus trifimbriatus,"Connolly, 1929",Catalogue of Life
2394,Clathrodrillia incisa,,
2395,Clathrus clathrus,"(Linnaeus, 1758)",Catalogue of Life
2396,Clausilia septemplicata,"Philippi, 1836",Catalogue of Life
2398,Clavatula lobatopsis,"Barnard, 1963",Catalogue of Life
2411,Clionella taxea,"(Röding, 1798)",Catalogue of Life
2412,Clionella tripartita,"(Weinkauff, 1876)",Catalogue of Life
2413,Clithon brevispina,"(Lamarck, 1822)",Catalogue of Life
2414,Clithon corona,"(Linnaeus, 1758)",Catalogue of Life
2415,Clithon oualaniensis,"Clithon (Pictoneritina) oualaniensis (Lesson, 1831)",Catalogue of Life
2416,Clivipollia fragaria,"(W. Wood, 1828)",Catalogue of Life
2417,Closia algoensis,,
2418,Closia aphanospira,,
2419,Closia ovuliformis,,
2421,Clypeomorus moniliferus,"(Kiener, 1841)",Catalogue of Life
2428,Cochlitoma bandeirana,,
2429,Cochlitoma damarensis,,
2430,Cochlitoma dimidiata,"(E. A. Smith, 1878)",Catalogue of Life
2431,Cochlitoma fulica,,
2432,Cochlitoma granularis,,
2433,Cochlitoma immaculata,,
2434,Cochlitoma kilburni,"Mead, 2004",Catalogue of Life
2435,Cochlitoma limitanea,"(van Bruggen, 1984)",Catalogue of Life
2436,Cochlitoma machachensis,"(E. A. Smith, 1902)",Catalogue of Life
2437,Cochlitoma semidecussata,"(L. Pfeiffer, 1846)",Catalogue of Life
2438,Cochlitoma semigranosa,"(L. Pfeiffer, 1861)",Catalogue of Life
2439,Cochlitoma ustulata,"(Lamarck, 1822)",Catalogue of Life
2441,Cochlitoma vestita,"(L. Pfeiffer, 1855)",Catalogue of Life
2442,Cochlitoma wigleyi,"Mead, 2004",Catalogue of Life
2444,Codakia californica,"(Conrad, 1837)",ITIS
2445,Codakia divergens,"(Philippi, 1850)",Catalogue of Life
2447,Codakia myifera,,
2452,Codakia similis,,
2453,Codakia simplex,"(Reeve, 1850)",Catalogue of Life
2454,Codakia tigrina,[sic],Catalogue of Life
2460,Colina pingue,,
2465,Colubraria alfredensis,"Bartsch, 1915",Catalogue of Life
2474,Columbarium eastwoodae,"Kilburn, 1971",Catalogue of Life
2477,Columbarium radiale,,
2478,Columbarium rotundum,"Barnard, 1959",Catalogue of Life
2479,Columbella albuginosa,"Reeve, 1859",Catalogue of Life
2480,Columbella algoensis,"G. B. Sowerby III, 1892",Catalogue of Life
2485,Columbella brunnescens,"Thiele, 1925",Catalogue of Life
2486,Columbella choava,"Reeve, 1859",Catalogue of Life
2489,Columbella floccata,"Reeve, 1859",Catalogue of Life
2491,Columbella kraussi,[sic],Catalogue of Life
2493,Columbella lincolnensis,"Reeve, 1859",Catalogue of Life
2501,Columbella semiconvexa,,
2503,Columbella speciosa,"Angas, 1877",Catalogue of Life
2510,Columbella zebrina,,
2516,Cominella alveolata,,
2522,Cominella kingicola,,
2531,Comus platyaulax,"(Tomlin, 1924)",Catalogue of Life
2534,Conus abbreviatus,"Reeve, 1843",Catalogue of Life
2535,Conus achatinus,"Gmelin, 1791",Catalogue of Life
2536,Conus acutangulus,"Lamarck, 1810",Catalogue of Life
2537,Conus aemulus,"Reeve, 1844",Catalogue of Life
2538,Conus algoensis,"G. B. Sowerby I, 1834",Catalogue of Life
2539,Conus amadis,"Gmelin, 1791",Catalogue of Life
2540,Conus anemone,"Lamarck, 1810",Catalogue of Life
2547,Conus bairstowi,"G. B. Sowerby III, 1889",Catalogue of Life
2548,Conus betulinus,"Linnaeus, 1758",Catalogue of Life
2549,Conus biliosus,"(Röding, 1798)",Catalogue of Life
2550,Conus brianhayesi,"Korn, 2001",Catalogue of Life
2551,Conus brunneus,"W. Wood, 1828",Catalogue of Life
2552,Conus californicus,"Reeve, 1844",Catalogue of Life
2554,Conus capitaneus,"Linnaeus, 1758",Catalogue of Life
2555,Conus caputserpentis,,
2556,Conus catus,"Hwass in Bruguière, 1792",Catalogue of Life
2559,Conus cyanostoma,"A. Adams, 1854",Catalogue of Life
2560,Conus distans,"Hwass in Bruguière, 1792",Catalogue of Life
2561,Conus ebraeus,"Linnaeus, 1758",Catalogue of Life
2563,Conus ermineus,"Born, 1778",Catalogue of Life
2564,Conus eucoronatus,"G. B. Sowerby III, 1903",Catalogue of Life
2565,Conus figulinus,"Linnaeus, 1758",Catalogue of Life
2566,Conus flavidus,"Lamarck, 1810",Catalogue of Life
2567,Conus floridanus,"Gabb, 1868",ITIS
2568,Conus frigidus,"Reeve, 1848",Catalogue of Life
2569,Conus fulmen,"Reeve, 1843",Catalogue of Life
2570,Conus furvus,"Reeve, 1843",Catalogue of Life
2571,Conus generalis,"Linnaeus, 1767",Catalogue of Life
2572,Conus geographus,"Linnaeus, 1758",Catalogue of Life
2573,Conus gladiator,"Broderip, 1833",Catalogue of Life
2574,Conus glans,"Hwass in Bruguière, 1792",Catalogue of Life
2576,Conus gradatulus,"Weinkauff, 1875",Catalogue of Life
2577,Conus gubernator,"Hwass in Bruguière, 1792",Catalogue of Life
2578,Conus immelmani,"Korn, 1998",Catalogue of Life
2579,Conus imperialis,"Linnaeus, 1758",Catalogue of Life
2580,Conus infrenatus,"Reeve, 1848",Catalogue of Life
2581,Conus iodostoma,"Reeve, 1843",Catalogue of Life
2582,Conus ione,"Fulton, 1938",Catalogue of Life
2583,Conus janus,"Hwass in Bruguière, 1792",Catalogue of Life
2586,Conus legatus,"Lamarck, 1810",Catalogue of Life
2588,Conus litoglyphus,"Hwass in Bruguière, 1792",Catalogue of Life
2589,Conus litteratus,"Linnaeus, 1758",Catalogue of Life
2590,Conus lividus,"Hwass in Bruguière, 1792",Catalogue of Life
2591,Conus lohri,"Kilburn, 1972",Catalogue of Life
2592,Conus magnificus,"Reeve, 1843",Catalogue of Life
2594,Conus maldivus,"Hwass in Bruguière, 1792",Catalogue of Life
2596,Conus miles,"Linnaeus, 1758",Catalogue of Life
2597,Conus miliaris,"Hwass in Bruguière, 1792",Catalogue of Life
2598,Conus milneedwardsi,"Jousseaume, 1894",Catalogue of Life
2600,Conus monachus,"Linnaeus, 1758",Catalogue of Life
2601,Conus monile,"Hwass in Bruguière, 1792",Catalogue of Life
2602,Conus mozambicus,"Hwass in Bruguière, 1792",Catalogue of Life
2603,Conus muriculatus,"G. B. Sowerby I, 1833",Catalogue of Life
2604,Conus mus,"Hwass in Bruguière, 1792",Catalogue of Life
2605,Conus musicus,"Hwass in Bruguière, 1792",Catalogue of Life
2606,Conus mustelinus,"Hwass in Bruguière, 1792",Catalogue of Life
2607,Conus namocanus,"Hwass in Bruguière, 1792",Catalogue of Life
2608,Conus natalis,"G. B. Sowerby II, 1858",Catalogue of Life
2609,Conus nimbosus,"Hwass in Bruguière, 1792",Catalogue of Life
2610,Conus nussatella,"Linnaeus, 1758",Catalogue of Life
2612,Conus orbignyi,"Audouin, 1831",Catalogue of Life
2613,Conus papilliferus,"G. B. Sowerby I, 1834",Catalogue of Life
2615,Conus patricius,"Hinds, 1843",Catalogue of Life
2618,Conus perplexus,"G. B. Sowerby II, 1857",Catalogue of Life
2619,Conus philippii,"Kiener, 1847",Catalogue of Life
2620,Conus pictus,"Reeve, 1843",Catalogue of Life
2621,Conus platyaulax,,
2623,Conus pulcher,"A. Adams, 1854",Catalogue of Life
2624,Conus pulicarius,"Hwass in Bruguière, 1792",Catalogue of Life
2625,Conus puncticulatus,"Hwass in Bruguière, 1792",Catalogue of Life
2626,Conus purpurascens,"G. B. Sowerby I, 1833",Catalogue of Life
2629,Conus rattus,"Hwass in Bruguière, 1792",Catalogue of Life
2631,Conus retifer,"Menke, 1829",Catalogue of Life
2632,Conus sanguinolentus,"Quoy & Gaimard, 1834",Catalogue of Life
2634,Conus scalptus,"Reeve, 1843",Catalogue of Life
2635,Conus scittulus,,
2637,Conus sennottorum,"Rehder & Abbott, 1951",Catalogue of Life
2638,Conus sieboldii,"Reeve, 1848",Catalogue of Life
2639,Conus simplex,"G. B. Sowerby II, 1858",Catalogue of Life
2640,Conus sponsalis,"Hwass in Bruguière, 1792",Catalogue of Life
2642,Conus stearnsii,"Conrad, 1869",Catalogue of Life
2644,Conus striatus,"Linnaeus, 1758",Catalogue of Life
2647,Conus suturatus,"Reeve, 1844",Catalogue of Life
2648,Conus teramachii,"(Kuroda, 1956)",Catalogue of Life
2649,Conus tessulatus,"Born, 1778",Catalogue of Life
2650,Conus textile,"Linnaeus, 1758",Catalogue of Life
2652,Conus tinianus,"Hwass in Bruguière, 1792",Catalogue of Life
2653,Conus tornatus,"G. B. Sowerby I, 1833",Catalogue of Life
2654,Conus tulipa,"Linnaeus, 1758",Catalogue of Life
2655,Conus typhon,"Kilburn, 1975",Catalogue of Life
2659,Conus vexillum,"Gmelin, 1791",Catalogue of Life
2660,Conus victoriae,"Reeve, 1843",Catalogue of Life
2662,Conus virgo,"Linnaeus, 1758",Catalogue of Life
2663,Conus vittatus,"Hwass in Bruguière, 1792",Catalogue of Life
2665,Conus ximenes,"Gray, 1839",Catalogue of Life
2666,Conus zeylanicus,"Gmelin, 1791",Catalogue of Life
2668,Coralliobia neritoidea,,
2669,Coralliobia violacea,"Cernohorsky, 1972",
2691,Cotonopsis turturina,,
2692,Couthouyia mzambana,"Kilburn, 1977",Catalogue of Life
2693,Couthouyia pasithea,"Kilburn, 1977",Catalogue of Life
2695,Crassatella burnupi,"Lamy, 1920",Catalogue of Life
2696,Crassatella foveolata,"G. B. Sowerby II, 1870",Catalogue of Life
2697,Crassatella verconis,,
2698,Crassatina crebilirata,,
2699,Crassatina sowerbyi,"(Lamy, 1917)",Catalogue of Life
2705,Crassispira layardi,"(G. B. Sowerby III, 1897)",Catalogue of Life
2709,Crassostrea arborea,,
2713,Crenavolva rosewateri,"C. N. Cate, 1973",Catalogue of Life
2719,Crepidula immersa,"Angas, 1865",Catalogue of Life
2727,Cronia fenestrata,"(Blainville, 1832)",
2728,Cronia heptagonalis,"(Reeve, 1846)",Catalogue of Life
2729,Cronia margariticola,"(Broderip in Broderip & Sowerby, 1833)",Catalogue of Life
2730,Cronia marginatra,"(Blainville, 1832)",Catalogue of Life
2731,Cronia nodosa,,
2732,Cronia ochrostoma,"(Blainville, 1832)",Catalogue of Life
2745,Curvella majubana,"Connolly, 1910",Catalogue of Life
2746,Curvella succinea,"Burnup, 1905",Catalogue of Life
2748,Cyathopoma camerunense,"de Winter, 2002",Catalogue of Life
2753,Cyclonassa neritea,"(Linnaeus, 1758)",WoRMS
2757,Cyclostoma ligatum,,
2761,Cylichnella smithi,,
2764,Ranularia boschi,"(Abbott & Lewis, 1970)",Catalogue of Life
2770,Cymatium cynocephalum,"(Lamarck, 1816)",Catalogue of Life
2771,Ranularia dunkeri,"(Lischke, 1868)",Catalogue of Life
2774,Cymatium gemmatum,"(Reeve, 1844)",Catalogue of Life
2776,Cymatium hepaticum,"(Röding, 1798)",Catalogue of Life
2785,Cymatium pyrum,"(Linnaeus, 1758)",Catalogue of Life
2786,Ranularia retusum,,
2787,Cymatium rubeculum,"(Linnaeus, 1758)",Catalogue of Life
2788,Cymatium spengleri,"(Perry, 1811)",Catalogue of Life
2789,Cymatium trilineatum,,
2791,Cymatium waterhousei,"(A. Adams & Angas, 1864)",Catalogue of Life
2795,Cymbiola hunteri,(Iredale),MCZbase
2799,Cymbiola norrissi,,
2810,Cymia carinifera,"(Lamarck, 1822)",Catalogue of Life
2811,Cynisca alfredensis,"Bartsch, 1915",Catalogue of Life
2812,Cynisca forticostata,"E. A. Smith, 1904",Catalogue of Life
2813,Cynisca granulosa,"(Dunker, 1848)",Catalogue of Life
2814,Cyphoma gibbosa,"(Linnaeus, 1758)",Catalogue of Life
2816,Schilderia achatidea,"(J. E. Gray, 1837)",Catalogue of Life
2818,Cypraeovula alfredensis,"(Schilder & Schilder, 1929)",Catalogue of Life
2821,Notocypraea angustata,"(Gmelin, 1791)",Catalogue of Life
2826,Arestorides argus,"(Linnaeus, 1758)",Catalogue of Life
2832,Monetaria caputdraconis,"(Melvill, 1888)",Catalogue of Life
2835,Cypraea carolinensis,"(Conrad, 1841)",
2836,Erronea caurica,"(Linnaeus, 1758)",Catalogue of Life
2839,Macrocypraea cervus,"(Linnaeus, 1771)",Catalogue of Life
2841,Pustularia cicercula,"(Linnaeus, 1758)",Catalogue of Life
2844,Cypraea coffea,"G. B. Sowerby II, 1870",Catalogue of Life
2849,Cribrarula cribraria,"(Linnaeus, 1758)",Catalogue of Life
2850,Cypraeovula cruickshanki,"(Kilburn, 1972)",Catalogue of Life
2851,Erronea cylindrica,"(Born, 1778)",Catalogue of Life
2852,Zoila decipiens,"(E. A. Smith, 1880)",Catalogue of Life
2855,Cryptocypraea dillwyni,"(F. A. Schilder, 1922)",Catalogue of Life
2864,Zoila friendii,"(J.E. Gray, 1831)",Catalogue of Life
2868,Naria gangranosa,"(Dillwyn, 1817)",Catalogue of Life
2872,Cypraea helvola,"Linnaeus, 1758",Catalogue of Life
2874,Umbilia hesitata,"(Iredale, 1916)",Catalogue of Life
2884,Luria lurida,"(Linnaeus, 1758)",Catalogue of Life
2887,Cypraea macula,"Angas, 1867",Catalogue of Life
2892,Cypraeovula mikeharti,"Lorenz, 1985",Catalogue of Life
2894,Muracypraea mus,"(Linnaeus, 1758)",Catalogue of Life
2895,Naria nebrites,"(Melvill, 1888)",Catalogue of Life
2899,Erronea onyx,"(Linnaeus, 1758)",Catalogue of Life
2900,Erronea ovum,"(Gmelin, 1791)",Catalogue of Life
2902,Erronea pallida,"(J.E. Gray, 1824)",Catalogue of Life
2906,Cypraea pustularia,,
2907,Zonaria pyrum,"(Gmelin, 1791)",Catalogue of Life
2912,Naria spurca,"(Linnaeus, 1758)",Catalogue of Life
2913,Staphylaea staphylaea,"(Linnaeus, 1758)",Catalogue of Life
2914,Trona stercoraria,"(Linnaeus, 1758)",Catalogue of Life
2915,Bistolida stolida,"(Linnaeus, 1758)",Catalogue of Life
2916,Erronea subviridis,"(Reeve, 1835)",Catalogue of Life
2917,Talparia talpa,"(Linnaeus, 1758)",Catalogue of Life
2919,Luria tessellata,"(Swainson, 1822)",Catalogue of Life
2921,Zoila thersites,"(Gaskoin, 1849)",Catalogue of Life
2928,Erronea xanthodon,"(J. E. Gray in G. B. Sowerby I, 1832)",Catalogue of Life
2931,Cypraea zietsmani,"(Liltved & Leroux, 1988)",
2944,Cythara dagama,"Barnard, 1963",Catalogue of Life
2945,Daphnella angusta,,
2948,Daphnella sulcata,"(G. B. Sowerby III, 1892)",Catalogue of Life
2949,Decatopecten bifrons,,
2950,Decatopecten caroli,,
2952,Decatopecten striatus,"(Schumacher, 1817)",Catalogue of Life
2960,Dendropoma formosus,,
2961,Dendropoma irregularis,,
2962,Dendropoma natalensis,,
2963,Dendropoma nigricans,,
2964,Dendropoma spirata,,
2966,Dentalium entalis,"Dentalium (Antalis) entalis Linnaeus, 1758",Catalogue of Life
2967,Dentalium eualdes,"Barnard, 1963",Catalogue of Life
2968,Dentalium inversum,"Deshayes, 1826",Catalogue of Life
2969,Dentalium longitrorsum,"Reeve, 1842",Catalogue of Life
2974,Dentalium vernedei,"G. B. Sowerby II, 1860",Catalogue of Life
2980,Dicaltion orbita,,
2981,Dicaltion scalaris,,
2982,Dicathais scalaris,"(Menke, 1829)",Catalogue of Life
2988,Diodora audax,"(Iredale, 1924)",Catalogue of Life
3006,Diplodonta globularis,,
3016,Divaricella cumingi,"(A. Adams & Angas, 1864)",Catalogue of Life
3017,Divaricella dalliana,"(Vanatta, 1901)",Catalogue of Life
3033,Donax maculata,,
3047,Dorcasia jejmia,,
3048,Dorcasia rogersi,"Connolly, 1915",Catalogue of Life
3060,Dosinia juvensis,,
3061,Dosinia lincta,"(Pulteney, 1799)",Catalogue of Life
3062,Dosinia lupinus,"(Linnaeus, 1758)",Catalogue of Life
3065,Dosinula zelandica,Gray,MCZbase
3071,Drillia fultoni,"(G. B. Sowerby III, 1888)",Catalogue of Life
3077,Drupa anaxares,"(Kiener, 1836)",WoRMS
3078,Drupa aspera,"(Lamarck, 1816)",Catalogue of Life
3079,Drupa biconica,"(Blainville, 1832)",Catalogue of Life
3080,Drupa cornus,"Röding, 1798",Catalogue of Life
3081,Drupa decollata,,
3082,Drupa ferruginosa,,
3083,Drupa fiscella,"(Gmelin, 1791)",WoRMS
3085,Drupa granulata,"(Duclos, 1832)",Catalogue of Life
3092,Drupa nodulosa,"(C. B. Adams, 1845)",WoRMS
3093,Drupa porphrostoma,,
3096,Drupa serrialis,,
3097,Drupa uva,"Röding, 1798",Catalogue of Life
3099,Drupella elata,"Blainville, 1832",MCZbase
3100,Drupella mancinella,"(Linnaeus, 1758)",Catalogue of Life
3102,Drupella spectrum,,
3105,Euterebra capensis,"(E. A. Smith, 1873)",Catalogue of Life
3107,Duplicaria dussumieri,[sic],Catalogue of Life
3114,Echininus nodulosus,"Clench & Abbott, 1942",Catalogue of Life
3119,Electroma georgiana,"J. R. C. Quoy & J. P. Gaimard, 1835",MCZbase
3122,Elisolimax flavescens,"(Keferstein, 1866)",Catalogue of Life
3123,Elliptio complanatus,"( [Lightfoot] , 1786)",Catalogue of Life
3124,Elliptio coruscus,"(Gould, 1856)",Catalogue of Life
3126,Elliptio dilatatus,"(Rafinesque, 1820)",Catalogue of Life
3132,Emozamia flindersi,"(A. Adams & Angas, 1864)",Catalogue of Life
3133,Endodonta whileleggei,,
3134,Engina billeheusti,,
3145,Ephippodonta macdougalli,[sic],WoRMS
3151,Epitonium bullatum,"(G. B. Sowerby II, 1844)",Catalogue of Life
3153,Epitonium cirsotrema,,
3155,Epitonium commutatum,"(Monterosato, 1877)",Catalogue of Life
3158,Epitonium durbanense,,
3160,Epitonium georgetlina,,
3170,Epitonium perplexum,"(Pease, 1868)",WoRMS
3180,Epitonium tongaatense,,
3183,Erato vitellina,"Hinds, 1844",Catalogue of Life
3197,Euchelus atratus,"(Gmelin, 1791)",Catalogue of Life
3203,Eudolium pyriforme,"(G. B. Sowerby III, 1914)",Catalogue of Life
3204,Eudolium pyriformis,Sowerby,MCZbase
3206,Euhadra amaliae,"(Kobelt, 1875)",Catalogue of Life
3208,Euhadra hickons,,
3210,Euhadra sechenbergiana,,
3211,Eulima algoensis,"E. A. Smith, 1901",Catalogue of Life
3212,Eulima becki,"W. H. Turton, 1932",Catalogue of Life
3213,Eulima dilecta,"E. A. Smith, 1899",Catalogue of Life
3216,Eulima insignis,"W. H. Turton, 1932",Catalogue of Life
3217,Eulima natalensis,"E. A. Smith, 1899",Catalogue of Life
3219,Eulima vitrea,"A. Adams, 1854",Catalogue of Life
3221,Eumarcia kochi,,
3224,Euonyma barnadi,,
3225,Euonyma cacuminata,"(Melvill & Ponsonby, 1892)",Catalogue of Life
3226,Euonyma decipiens,"Connolly, 1929",Catalogue of Life
3229,Euonyma natalensis,"(Burnup, 1905)",Catalogue of Life
3231,Euonyma purcelli,"(Melvill & Ponsonby, 1901)",Catalogue of Life
3234,Euonyma turriformis,"(F. Krauss, 1848)",Catalogue of Life
3239,Eupleura plicatula,,
3241,Euruthria ponsobyi,,
3244,Euthria ponsonbyi,"G. B. Sowerby III, 1890",Catalogue of Life
3245,Euthria queketti,"E. A. Smith, 1901",Catalogue of Life
3246,Fasciolaria australasia,Perry,MCZbase
3247,Fasciolaria coronata,"Lamarck, 1822",Catalogue of Life
3248,Fasciolaria filamentosa,"(Röding, 1798)",Catalogue of Life
3251,Kilburnia heynemanni,"(Dunker, 1876)",Catalogue of Life
3256,Fasciolaria rutila,"R. B. Watson, 1882",Catalogue of Life
3258,Fasciolaria trapezium,"(Linnaeus, 1758)",Catalogue of Life
3261,Fassarus inflatus,,
3264,Fauxulus kurrii,"(F. Krauss in L. Pfeiffer, 1842)",Catalogue of Life
3269,Anisoloma squat,,
3277,Ficus decussatus,Wood,MCZbase
3280,Ficus subintermedius,[sic],Catalogue of Life
3294,Flavamussium caducum,,
3297,Fossaria modicella,"(Say, 1825)",Catalogue of Life
3298,Fragum medium,,
3300,Fukama perfecta,"(E. A. Smith, 1904)",Catalogue of Life
3301,Fulgoraria delicata,"Fulgoraria (Saotomea) delicata (Fulton, 1940)",Catalogue of Life
3303,Fulvia papyracea,"(Bruguière, 1789)",WoRMS
3304,Fuscinus herithaini,,
3305,Fusconaia ebenus,"(I. Lea, 1834)",Catalogue of Life
3307,Fusconaia rubida,"(I. Lea, 1861)",Catalogue of Life
3308,Fusconaia undata,"(Barnes, 1823)",Catalogue of Life
3321,Fusinus faurei,"(Barnard, 1959)",Catalogue of Life
3323,Fusinus longicauda,"(Lamarck, 1801)",Catalogue of Life
3324,Fusinus nicobaricus,"(Röding, 1798)",Catalogue of Life
3325,Fusinus niponicus,"(E. A. Smith, 1879)",Catalogue of Life
3330,Fusinus rubrolineatus,"(G. B. Sowerby II, 1870)",Catalogue of Life
3332,Fusinus simplex,,
3335,Fusinus toreuma,"(Deshayes, 1843)",Catalogue of Life
3336,Fusinus tubercularis,,
3337,Fusinus verruculatus,,
3352,Gari hodgei,"Willan, 1980",Catalogue of Life
3360,Gemmula deshayesii,"(Doumet, 1840)",Catalogue of Life
3363,Gemmula unedo,"(Kiener, 1839)",Catalogue of Life
3365,Gena planulata,"(Lamarck, 1816)",Catalogue of Life
3366,Gena varia,"A. Adams, 1850",Catalogue of Life
3376,Gibbula richardi,"(Payraudeau, 1826)",Catalogue of Life
3378,Gibbula umbilicatis,,
3382,Gittenedouardia conulus,"(L. Reeve, 1849)",Catalogue of Life
3384,Gittenedouardia drakensbergensis,"(E.A. Smith, 1877)",Catalogue of Life
3385,Gittenedouardia meridionalis,"(L. Pfeiffer, 1848)",Catalogue of Life
3387,Gittenedouardia sordidula,"(E. von Martens, 1897)",Catalogue of Life
3391,Glaucus connollyi,,
3394,Glycymeris flabellatus,Ten-Woods,MCZbase
3396,Glycymeris fossar,,
3406,Glycymeris violaceus,,
3407,Glyptenthira accuminata,,
3409,Gomphina veneriformis,"Habe, 1951",
3410,Goniobasis liniescens,,
3411,Goniobasis liviescens,,
3412,Goniobasis ozarkensis,"Call, 1886",Catalogue of Life
3413,Goniobasis potosiensis,"(Lea, 1841)",ITIS
3414,Goniobasis virginica,"(Gmelin, 1791)",Catalogue of Life
3416,Granula bensoni,"(Reeve, 1865)",Catalogue of Life
3417,Granula burnupi,"(G. B. Sowerby III, 1897)",Catalogue of Life
3418,Granula differens,"(E. A. Smith, 1904)",Catalogue of Life
3422,Granulina thalia,"(W. H. Turton, 1932)",Catalogue of Life
3424,Gregariella rietensis,,
3427,Gulella aliciae,"(Melvill & Ponsonby, 1907)",Catalogue of Life
3428,Gulella appletoni,"van Bruggen, 1975",Catalogue of Life
3431,Gulella bomvana,"Cole & Herbert, 2009",Catalogue of Life
3433,Gulella bruggeni,"Cole & Herbert, 2009",Catalogue of Life
3434,Gulella cairnsi,"(Melvill & Ponsonby, 1897)",Catalogue of Life
3435,Gulella calopasa,"(Melvill & Ponsonby, 1903)",Catalogue of Life
3436,Gulella caryatis,"(Melvill & Ponsonby, 1898)",Catalogue of Life
3437,Gulella chi,"Burnup, 1926",Catalogue of Life
3439,Gulella collicola,"van Bruggen, 1966",Catalogue of Life
3440,Gulella columnella,"(Melvill & Ponsonby, 1901)",Catalogue of Life
3441,Gulella connollyi,"(Melvill & Ponsonby, 1909)",Catalogue of Life
3442,Gulella consobrina,"(Ancey, 1892)",Catalogue of Life
3443,Gulella contraria,"Connolly, 1932",Catalogue of Life
3446,Gulella davisae,"Herbert, 2016",Catalogue of Life
3447,Gulella delicatula,"(L. Pfeiffer, 1857)",Catalogue of Life
3450,Gulella drakensbergensis,"(Melvill & Ponsonby, 1893)",Catalogue of Life
3451,Gulella elliptica,"(Melvill & Ponsonby, 1898)",Catalogue of Life
3452,Gulella euthymia,"(Melvill & Ponsonby, 1893)",Catalogue of Life
3453,Gulella falconi,"Burnup, 1925",Catalogue of Life
3456,Gulella framesi,"Burnup, 1926",Catalogue of Life
3459,Gulella hadroglossa,"Herbert, 2016",Catalogue of Life
3460,Gulella hamerae,"Bursey & Herbert, 2004",Catalogue of Life
3461,Gulella harriesi,"Burnup, 1926",Catalogue of Life
3463,Gulella himerothales,"(Melvill & Ponsonby, 1903)",Catalogue of Life
3464,Gulella incurvidens,"van Bruggen, 1972",Catalogue of Life
3469,Gulella johannae,"van Bruggen, 2006",Catalogue of Life
3470,Gulella johannesburgensis,"(Melvill & Ponsonby, 1907)",Catalogue of Life
3471,Gulella juxtidens,"(Melvill & Ponsonby, 1899)",Catalogue of Life
3472,Gulella kosiensis,"(Melvill & Ponsonby, 1908)",Catalogue of Life
3474,Gulella latimerae,"Bursey & Herbert, 2004",Catalogue of Life
3475,Gulella magnolia,"(Connolly, 1912)",Catalogue of Life
3477,Gulella maritzburgensis,"(Melvill & Ponsonby, 1893)",Catalogue of Life
3478,Gulella melvilli,"(Burnup, 1914)",Catalogue of Life
3480,Gulella mfongosiensis,"Burnup, 1925",Catalogue of Life
3482,Gulella mooiensis,"(Burnup, 1914)",Catalogue of Life
3484,Gulella munita,"(Melvill & Ponsonby, 1892)",Catalogue of Life
3486,Gulella nepia,"Connolly, 1925",Catalogue of Life
3487,Gulella newmani,"Bursey & Herbert, 2004",Catalogue of Life
3489,Gulella obstructa,"van Bruggen, 1965",Catalogue of Life
3490,Gulella orientalis,"Connolly, 1929",Catalogue of Life
3491,Gulella penningtoni,"Burnup, 1925",Catalogue of Life
3492,Gulella pentheri,"(Sturany, 1898)",Catalogue of Life
3495,Gulella phragma,"(Melvill & Ponsonby, 1907)",Catalogue of Life
3498,Gulella polita,"(Melvill & Ponsonby, 1893)",Catalogue of Life
3499,Gulella pondoensis,"Connolly, 1939",Catalogue of Life
3501,Gulella premnodes,"(Sturany, 1902)",Catalogue of Life
3503,Gulella queketti,"(Melvill & Ponsonby, 1896)",Catalogue of Life
3504,Gulella regularis,"(Melvill & Ponsonby, 1893)",Catalogue of Life
3506,Gulella rumpiana,"Connolly, 1932",Catalogue of Life
3508,Gulella separata,"(Sturany, 1898)",Catalogue of Life
3509,Gulella sibasana,"Connolly, 1922",Catalogue of Life
3510,Gulella swaziensis,"Connolly, 1932",Catalogue of Life
3513,Gulella tietzae,"Cole & Herbert, 2009",Catalogue of Life
3515,Gulella tripodium,"Connolly, 1939",Catalogue of Life
3516,Gulella umzimvubuensis,"Burnup, 1925",Catalogue of Life
3517,Gulella verdcourti,"van Bruggen, 1966",Catalogue of Life
3518,Gulella viae,"Burnup, 1925",Catalogue of Life
3519,Gulella warrenii,"(Melvill & Ponsonby, 1903)",Catalogue of Life
3520,Gulella zelota,"(Melvill & Ponsonby, 1907)",Catalogue of Life
3521,Guraleus eucosmia,,
3522,Gyrineum bitubercularis,"Lamarck, 1816",
3530,Haliotis assimilis,"Dall, 1878",ITIS
3532,Haliotis camchattana,,
3534,Haliotis conicopora,"Péron, 1816",Catalogue of Life
3536,Haliotis cracherodii,"Leach, 1814",Catalogue of Life
3540,Haliotis emmae,"Reeve, 1846",Catalogue of Life
3558,Haliotis sieboldii,"Reeve, 1846",Catalogue of Life
3561,Haliotis speciosa,"Reeve, 1846",Catalogue of Life
3586,Hastula lauta,"(Pease, 1869)",Catalogue of Life
3587,Impages maryleeae,"(R. D. Burch, 1965)",Catalogue of Life
3588,Hastula natalensis,"(E. A. Smith, 1903)",Catalogue of Life
3591,Hastula strigilata,"(Linnaeus, 1758)",Catalogue of Life
3597,Helcion infundibuliformis,,
3601,Heliacus africanus,"Bartsch, 1915",WoRMS
3613,Helisoma macrostomum,,
3615,Helix aspersa,"Helix (Pomatia) aspersa O. F. Müller, 1774",Catalogue of Life
3616,Helix hortensia,,
3618,Helix lapicida,"Linnaeus, 1758",Catalogue of Life
3619,Helix melantozona,,
3620,Helix planulata,"Lamarck, 1822",Catalogue of Life
3621,Helix sophiae,"Reeve, 1854",Catalogue of Life
3622,Hemicardium cardissa,"Melvill & Standen, 1899",
3623,Hemicardium hemicardium,L.,MCZbase
3624,Hemifusus pugilinus,"(Born, 1778)",Catalogue of Life
3627,Hemifusus wardiana,,
3628,Hemitrochus varians,"(Menke, 1829)",Catalogue of Life
3631,Herse columnella,"(Rang, 1827)",Catalogue of Life
3638,Hexaplex hoplites,,
3639,Hexaplex octogonus,,
3649,Hindsia gracilis,,
3650,Hinitia pallida,,
3652,Hinnites giganteus,"(J.E. Gray, 1825)",Catalogue of Life
3668,Hustolima nimbifera,,
3669,Hyalina avena,"(Kiener, 1834)",Catalogue of Life
3670,Hyalina biannulata,,
3671,Hyalina capensis,,
3676,Hyalina melita,,
3677,Hyalina neglecta,,
3679,Hyalina veliei,"(Pilsbry, 1896)",Catalogue of Life
3680,Hydatina amplustre,"(Linnaeus, 1758)",Catalogue of Life
3688,Hyotissa numisma,"(Lamarck, 1819)",Catalogue of Life
3690,Hyria corrugata,"Lamarck, 1819",Catalogue of Life
3691,Hyridella menziesi,"(Gray, 1843)",Catalogue of Life
3696,Indocrassatella abrupta,,
3698,Iravadia annulata,,
3699,Iridina pfeifferiana,,
3701,Chambardia wahlbergi,"(F. Krauss, 1848)",Catalogue of Life
3719,Jaton folata,,
3720,Jaton nuttalli,,
3723,Kaliella euconuloides,"Melvill & Ponsonby, 1908",Catalogue of Life
3724,Kanekotrochus comtess,,
3725,Katelysia corrugata,Lam,MCZbase
3732,Kerkophorus piperatus,"Herbert, 2017",Catalogue of Life
3736,Labiosa plicatella,"(Lamarck, 1818)",
3742,Laevicaulis alte,"(Férussac, 1822)",Catalogue of Life
3746,Lambis digitata,"(Perry, 1811)",Catalogue of Life
3753,Lampsilis claibornensis,"Lampsilis (Eurynia) claibornensis (I. Lea, 1839)",Catalogue of Life
3754,Lampsilis fallaciosa,"(H. M. Smith, 1899)",Catalogue of Life
3757,Lampsilis ventricosa,"(Barnes, 1823)",Catalogue of Life
3758,Lamya capensis,"(Krauss, 1848)",Catalogue of Life
3759,Lanistes occidentalis,,
3770,Latiaxis japonicus,"(Dunker, 1882)",Catalogue of Life
3771,Latiaxis kawamurai,"Kira, 1959",Catalogue of Life
3772,Latiaxis lischkeanus,"(Dunker, 1882)",Catalogue of Life
3774,Latiaxis nakamigawai,"Kuroda, 1959",Catalogue of Life
3777,Latirus bairstowi,"G. B. Sowerby III, 1886",Catalogue of Life
3779,Latirus cariniferus,"(Lamarck, 1816)",Catalogue of Life
3780,Latirus ceratus,"Wood, 1828",MCZbase
3781,Latirus craticulatus,"(Linnaeus, 1758)",Catalogue of Life
3784,Latirus infundibulum,"(Gmelin, 1791)",Catalogue of Life
3785,Latirus macgintyi,"Poirier, 1954",WoRMS
3786,Latirus nodatus,"(Gmelin, 1791)",Catalogue of Life
3790,Latirus rudis,"(Reeve, 1847)",Catalogue of Life
3793,Lauria cryptoplax,"(Melvill & Ponsonby, 1899)",Catalogue of Life
3797,Lavigeria jouberti,Bgt.,MCZbase
3798,Lavigeria paucicostata,"(E. A. Smith, 1881)",Catalogue of Life
3799,Lavigeria spinosa,,
3800,Lepsiella scobina,"(Quoy & Gaimard, 1833)",Catalogue of Life
3803,Leucozonia cingulata,"(Lamarck, 1816)",
3808,Lienardia shepstonensis,,
3809,Lienardia subcontracta,,
3810,Lienardia westcotti,,
3815,Lima fragilis,"(Gmelin, 1791)",Catalogue of Life
3816,Lima inflata,"Link, 1807",Catalogue of Life
3818,Lima orientalis,"A. Adams & Reeve, 1850",Catalogue of Life
3819,Lima pellucida,"C. B. Adams, 1846",Catalogue of Life
3820,Lima rotundata,"G. B. Sowerby II, 1843",Catalogue of Life
3824,Limaria nimbifera,,
3831,Limopsis multishiatus,,
3834,Linatella clandestina,"(Lamarck, 1816)",Catalogue of Life
3837,Linicardium papyraceum,,
3842,Liotia australis,Kiener,MCZbase
3843,Liotia depressa,Reeve,MCZbase
3844,Liotia discoidea,Reeve,MCZbase
3845,Liotia tasmanica,T. Woods,MCZbase
3847,Lippistes helicoides,"(Gmelin, 1791)",WoRMS
3850,Litharium algoensis,[sic],Catalogue of Life
3856,Litozamia petterdi,,
3858,Littorina angulifera,"(Lamarck, 1822)",Catalogue of Life
3860,Littorina fasciata,"Gray, 1839",Catalogue of Life
3861,Littorina irrorata,"(Say, 1822)",Catalogue of Life
3867,Littorina obesa,"G. B. Sowerby I, 1832",Catalogue of Life
3871,Littorina pintado,"(Wood, 1828)",Catalogue of Life
3873,Littorina punctata,"Littorina (Austrolittorina) punctata (Gmelin, 1791)",Catalogue of Life
3878,Littorina undulata,"d'Orbigny, 1841",Catalogue of Life
3879,Littorina ziczac,"(Gmelin, 1791)",Catalogue of Life
3885,Lophiotoma cingulifera,"(Lamarck, 1822)",Catalogue of Life
3890,Loripes rosacea,"E. A. Smith, 1899",Catalogue of Life
3896,Lucina floridana,"Conrad, 1833",Catalogue of Life
3897,Lucina muricata,"Reeve, 1850",Catalogue of Life
3898,Lucina nassula,"Conrad, 1846",Catalogue of Life
3900,Lucina pedinatus,,
3901,Lucina pennsylvani,,
3903,Lunatia catena,"(da Costa, 1778)",Catalogue of Life
3908,Lunella smaragda,"(Gmelin, 1791)",Catalogue of Life
3913,Lymnaea columella,"Lymnaea (Pseudosuccinea) columella (Say, 1817)",Catalogue of Life
3914,Lymnaea luteola,"Lamarck, 1822",Catalogue of Life
3924,Lyropecten luculentus,,
3929,Macoma crawfordi,"(G. B. Sowerby III, 1892)",Catalogue of Life
3930,Macoma deltoidalis,Lamarck,MCZbase
3932,Macoma incograva,,
3937,Macoma stratula,,
3938,Macoma tristis,,
3939,Macomona liliana,"(Iredale, 1915)",Catalogue of Life
3942,Macroschisma africana,"Tomlin, 1932",Catalogue of Life
3947,Mactra adansoni,[sic],WoRMS
3952,Mactra discors,"J.E. Gray, 1837",Catalogue of Life
3953,Mactra elliptica,"T. Brown, 1827",Catalogue of Life
3958,Mactra pallosii,,
3962,Mactra spengleri,"Linnaeus, 1767",Catalogue of Life
3966,Mactrella alata,"(Spengler, 1802)",
3979,Mamillana mamilla,Gray,MCZbase
3982,Mancinella kieneri,[sic],WoRMS
3983,Mancinella squamosa,"(Pease, 1868)",Catalogue of Life
3989,Mangelia subcancellata,"W. H. Turton, 1932",Catalogue of Life
3990,Mangelia westcotti,,
3994,Margarites pupulia,,
4000,Marginella apicina,"Menke, 1828",Catalogue of Life
4001,Marginella apricunum,,
4002,Marginella atractus,"Tomlin, 1918",Catalogue of Life
4005,Marginella biannulata,Fabricus,MCZbase
4006,Marginella capensis,"Krauss, 1848",
4007,Marginella cincta,"Kiener, 1834",Catalogue of Life
4009,Marginella confortinii,"Bozzetti, 1992",Catalogue of Life
4011,Marginella cylindrica,"G. B. Sowerby II, 1846",Catalogue of Life
4014,Marginella dulcis,"E. A. Smith, 1904",Catalogue of Life
4019,Marginella ingloria,"E. A. Smith, 1910",Catalogue of Life
4025,Marginella marginata,"Michelotti, 1847",Catalogue of Life
4036,Marginella punctostriata,,
4042,Marginella volvarina,,
4043,Marginella walvisiana,"Tomlin, 1920",Catalogue of Life
4044,Marginella zeyheri,"Krauss, 1852",Catalogue of Life
4046,Marioniopsis cyanobranchiata,,
4051,Mayena australasia,"(Perry, 1811)",Catalogue of Life
4052,Mayena gemmifera,,
4054,Megalatractus aruanus,L.,MCZbase
4055,Megalomastoma mane,,
4056,Megalonaias gigantea,"(Barnes, 1823)",Catalogue of Life
4057,Megalophaedusa goniopuma,,
4058,Megalophaedusa japonica,,
4059,Megalophaedusa martensi,"(E. von Martens, 1861)",Catalogue of Life
4063,Melagraphia aethiops,,
4066,Melampus coffeus,[sic],Catalogue of Life
4073,Melanella dilecta,"(E. A. Smith, 1899)",Catalogue of Life
4076,Melanella natalensis,,
4077,Melania aspirans,"Hinds, 1844",Catalogue of Life
4078,Melania ater,,
4080,Melania pugilis,"Hinds, 1844",WoRMS
4081,Melania undulatus,,
4084,Melanopsis trifasciata,"Gray, 1843",Catalogue of Life
4087,Melaraphe cincta,,
4106,Mesodon perigraphtus,,
4117,Micromya iris,"(I. Lea, 1829)",WoRMS
4118,Micromya lienosa,"(Conrad, 1834)",WoRMS
4139,Mitra limbifera,"Lamarck, 1811",WoRMS
4144,Mitra nucea,,
4158,Mitra variegata,"(Gmelin, 1791)",Catalogue of Life
4162,Mitrella brunnea,,
4167,Mitrella luctuosa,,
4168,Mitrella lunata,"(Say, 1826)",Catalogue of Life
4172,Mitrella troglodytes,,
4179,Modiola subpopili,,
4180,Musculus impacta,"Musculus (Modiolarca) impacta (Hermann, 1782)",Catalogue of Life
4188,Modulus carchedonius,"(Lamarck, 1822)",Catalogue of Life
4189,Modulus catenulatus,"(Philippi, 1849)",Catalogue of Life
4192,Moerella huttoni,"(E. A. Smith, 1885)",Catalogue of Life
4193,Moerella juvenilis,"(Hanley, 1844)",Catalogue of Life
4201,Monilea dividua,,
4203,Monodonta adelaidae,Philippi,MCZbase
4204,Monodonta aethiops,Gmelin,MCZbase
4205,Monodonta argyrostoma,,
4207,Monodonta concamerata,,
4210,Monodonta mutabilis,"(Philippi, 1851)",Catalogue of Life
4213,Monodonta punctulata,"Lamarck, 1822",Catalogue of Life
4214,Monodonta rudis,,
4215,Monodonta torri,,
4216,Monodonta xanthostigma,,
4220,Morula cariosa,"(Wood, 1828)",Catalogue of Life
4222,Morula heptagonalis,"(Reeve, 1846)",Catalogue of Life
4224,Morula marginalba,"Morula (Morula) marginalba (Blainville, 1832)",Catalogue of Life
4226,Morula nodosa,"(Hombron & Jacquinot, 1848)",WoRMS
4232,Mundiphaedusa ducalis,,
4236,Murex brunneus,"(Link, 1807)",Catalogue of Life
4237,Murex cailleti,"Petit de la Saussaye, 1856",Catalogue of Life
4238,Murex chichoreum,,
4239,Murex cornutus,"Linnaeus, 1758",Catalogue of Life
4240,Murex elenensis,"Dall, 1909",Catalogue of Life
4242,Murex haustellum,"Linnaeus, 1758",Catalogue of Life
4243,Murex kiiensis,"Kira, 1959",Catalogue of Life
4246,Murex messorius,"G. B. Sowerby II, 1841",Catalogue of Life
4248,Murex purdyae,"Radwin & D'Attilio, 1976",Catalogue of Life
4250,Murex rectirostris,"G. B. Sowerby II, 1841",Catalogue of Life
4254,Murex torrefactus,"G. B. Sowerby II, 1841",Catalogue of Life
4256,Murex triqueter,"Murex (Chicoreus) triqueter Born, 1778",Catalogue of Life
4257,Murex triremis,"Perry, 1811",GBIF Backbone Taxonomy
4259,Murexiella festivus,,
4260,Murexiella gemma,"(Sowerby, 1879)",Catalogue of Life
4262,Muricanthus nigritus,"(Philippi, 1845)",Catalogue of Life
4263,Muricanthus radix,"(Gmelin, 1791)",Catalogue of Life
4264,Muricopsis lappa,,
4265,Muricopsis multiangulata,,
4266,Muricopsis ostrearum,"(Conrad, 1846)",Catalogue of Life
4267,Muricopsis squamulata,Carp.,MCZbase
4278,Myseka bidentata,,
4287,Mytilus meridionalis,"F. Krauss, 1848",Catalogue of Life
4289,Mytilus viridis,"Linnaeus, 1758",Catalogue of Life
4290,Nacella boninensis,,
4291,Cellana exarata,"(Reeve, 1854)",Catalogue of Life
4295,Nacella toreuma,,
4300,Nassarius acularis,,
4302,Nassarius albus,"Nassarius (Uzita) albus (Say, 1826)",Catalogue of Life
4306,Nassarius arcularius,[sic],Catalogue of Life
4311,Nassarius canoides,,
4317,Nassarius corniculum,"(Olivi, 1792)",Catalogue of Life
4324,Nassarius festivus,"Nassarius (Niotha) festivus (Powys, 1835)",Catalogue of Life
4330,Nassarius gracilis,,
4331,Nassarius grandiosus,,
4336,Nassarius jonasi,"Nassarius (Plicarcularia) jonasi (Dunker, 1846)",Catalogue of Life
4340,Nassarius luteostomus,"(Broderip & G. B. Sowerby I, 1829)",MCZbase
4343,Nassarius miga,"(Bruguière, 1789)",Catalogue of Life
4347,Nassarius mutabilis,"(Linnaeus, 1758)",Catalogue of Life
4351,Nassarius particeps,"(Hedley, 1915)",Catalogue of Life
4357,Nassarius polistes,"(Dall, 1917)",Catalogue of Life
4360,Nassarius reticulatus,"Nassarius (Hinia) reticulatus (Linnaeus, 1758)",Catalogue of Life
4361,Nassarius rufulus,,
4362,Nassarius scopularus,,
4368,Nassarius tegulus,"(Reeve, 1853)",ITIS
4371,Nassarius trivittatus,"(Say, 1822)",Catalogue of Life
4372,Nassarius vibex,"(Say, 1822)",Catalogue of Life
4374,Nassarius vitiensis,"(Hombron & Jacquinot, 1848)",Catalogue of Life
4375,Nassarius vius,,
4376,Nata aequiplicata,"Herbert & Moussali, 2016",Catalogue of Life
4378,Nata tarachodes,"(Connolly, 1912)",Catalogue of Life
4380,Nata viridescens,"(Melvill & Ponsonby, 1891)",Catalogue of Life
4384,Natalina kraussi,"(L. Pfeiffer, 1846)",Catalogue of Life
4389,Natica catena,"(da Costa, 1778)",Catalogue of Life
4391,Natica cayennensis,"Récluz, 1850",Catalogue of Life
4392,Natica cernica,"Jousseaume, 1874",Catalogue of Life
4400,Natica lineata,"(Röding, 1798)",Catalogue of Life
4406,Natica napus,"E.A. Smith, 1904",Catalogue of Life
4408,Natica poliana,"Delle Chiaje, 1826",Catalogue of Life
4411,Natica sebae,"Récluz, 1844",Catalogue of Life
4419,Negyrina subdistorta,,
4423,Neocancilla ponsonbyi,,
4425,Neocardia angustata,,
4426,Neocolina ponsonbyi,,
4427,Neosimnia acicularis,"(Lamarck, 1811)",Catalogue of Life
4428,Neosimnia spelta,"(Linnaeus, 1758)",Catalogue of Life
4429,Neothais scalaris,"(Menke, 1829)",Catalogue of Life
4430,Neothauma tanganyicense,"E. A. Smith, 1880",Catalogue of Life
4441,Nerita antillarum,"Gmelin, 1791",Catalogue of Life
4453,Nerita josephine,,
4459,Nerita reticulata,"Karsten, 1789",Catalogue of Life
4469,Neritina cariosa,"(Wood, 1828)",ITIS
4474,Neritina luteofasciata,"K. Miller, 1879",Catalogue of Life
4479,Neritina reclivata,"(Say, 1822)",ITIS
4494,Nitidella occulata,,
4500,Nodilittorina tuberculata,"(Menke, 1828)",Catalogue of Life
4505,Northia plumbea,Filippi,MCZbase
4506,Notirus crenata,,
4507,Notirus fabagela,,
4512,Notoacmea scabrilirata,,
4514,Notocallista ringi,,
4515,Notocypraea mayi,Beddome,MCZbase
4518,Notoplax producta,"Carpenter in Pilsbry, 1892",Catalogue of Life
4519,Notospisula parva,Petit,MCZbase
4521,Nucella cingulata,"(Linnaeus, 1771)",Catalogue of Life
4529,Nucula hartvigiana,"Dohrn, 1864",Catalogue of Life
4536,Obortio natalensis,,
4538,Ocenebra cala,"(Pilsbry, 1897)",Catalogue of Life
4539,Ocenebra circumtexta,"Stearns, 1871",Catalogue of Life
4540,Ocenebra crassilabrum,Gray,MCZbase
4541,Ocenebra erinaca,,
4544,Ocenebra fenestrata,"(Gould, 1860)",Catalogue of Life
4545,Ocenebra interfossa,"Carpenter, 1864",Catalogue of Life
4546,Ocenebra kieneri,Rve,MCZbase
4547,Ocenebra poulsoni,"Carpenter, 1864",Catalogue of Life
4550,Ocenebra scrobiculata,"(Dunker in Philippi, 1846)",Catalogue of Life
4551,Ocenebra sperata,"(Cossmann, 1921)",WoRMS
4552,Ochetoclavis pilsbryi,,
4553,Ocinebra natalensis,"E. A. Smith, 1906",Catalogue of Life
4554,Octopus granulatus,"Lamarck, 1798",WoRMS
4555,Odostomia io,"W. H. Turton, 1932",Catalogue of Life
4558,Odostomia leisurtalis,,
4560,Odostomia mympha,,
4561,Odostomia neptini,,
4562,Odostomia obeliscus,"Garrett, 1873",Catalogue of Life
4564,Odostomia scitula,"W. H. Turton, 1932",WoRMS
4565,Odostomia turtoni,"Bartsch, 1915",Catalogue of Life
4576,Oliva carreola,,
4582,Oliva galiola,,
4586,Oliva larmoine,,
4588,Oliva mamorata,,
4596,Oliva polpasta,"Duclos, 1833",Catalogue of Life
4599,Oliva reticulatis,,
4600,Oliva rufanula,,
4603,Oliva sayana,"Ravenel, 1834",Catalogue of Life
4613,Olivancillaria aquatiles,,
4621,Olivella diversas,,
4628,Olivia cruenta,,
4632,Oopelta flavascens,,
4637,Opalia marginata,,
4641,Opeas peringueyi,"Connolly, 1923",Catalogue of Life
4642,Opeas strigile,"(Melvill & Ponsonby, 1901)",Catalogue of Life
4643,Opeas tugelensis,,
4645,Ophicardelus costellaris,"(H. Adams & A. Adams, 1854)",Catalogue of Life
4659,Oxychona layardi,"Hartman, 1889",WoRMS
4667,Paluoina paulucciana,,
4678,Papuina meditata,,
4679,Papuina tayloriana,"(A. Adams & Reeve, 1850)",Catalogue of Life
4680,Papustyla pulcherrima,"(I. Rensch, 1931)",Catalogue of Life
4682,Papyridea papyracea,,
4684,Paracuneus platystoma,"(E. A. Smith, 1877)",Catalogue of Life
4685,Paralaoma hottentota,"(Melvill & Ponsonby, 1891)",Catalogue of Life
4690,Paratrophon exsculptus,"Powell, 1933",Catalogue of Life
4693,Parvicardium turtoni,"(Sowerby III, 1894)",Catalogue of Life
4694,Parviperna rupella,"(Dufo, 1840)",Catalogue of Life
4702,Scutellastra mexicana,"(Broderip & G. B. Sowerby I, 1829)",Catalogue of Life
4708,Patellanax perplexa,,
4716,Pecten alba,[sic],WoRMS
4720,Pecten maximus,"(Linnaeus, 1758)",Catalogue of Life
4725,Pecten sentis,"Reeve, 1853",Catalogue of Life
4726,Pecten speciosus,"Reeve, 1853",Catalogue of Life
4727,Pecten spondyloideum,,
4729,Pecten vexillum,"Reeve, 1853",Catalogue of Life
4730,Pecten ziczac,"(Linnaeus, 1758)",
4731,Pedinogyra allanii,,
4734,Penion adustus,"(Philippi, 1845)",Catalogue of Life
4742,Peringia ulvae,"(Pennant, 1777)",Catalogue of Life
4750,Peristernia leucothea,"Melvill, 1891",Catalogue of Life
4754,Perna galloprovincialis,,
4757,Peronaea gaimardi,"(Iredale, 1915)",Catalogue of Life
4759,Persicula dulcis,,
4760,Persicula lepta,,
4762,Persicula minuta,Drap.,MCZbase
4764,Euterebra tristis,"(Deshayes, 1859)",Catalogue of Life
4765,Duplicaria ustulata,"(Deshayes, 1857)",Catalogue of Life
4767,Petricola pholadiformis,"Lamarck, 1818",Catalogue of Life
4769,Pexocodakia rugifera,"(Reeve, 1850)",
4770,Phaedusa sieboloii,,
4773,Phalium bisculcatum,,
4778,Phalium ericinaceus,,
4779,Phalium faurotis,"(Jousseaume, 1888)",Catalogue of Life
4783,Phalium ponderosum,"(Gmelin, 1791)",Catalogue of Life
4791,Phasianella kochii,"Philippi, 1848",Catalogue of Life
4792,Phasianella modesta,"(A. Gould, 1861)",Catalogue of Life
4796,Phasianella virgo,Angas,MCZbase
4797,Phaxas decipiens,"(E. A. Smith, 1904)",Catalogue of Life
4799,Phenacovolva beckeri,,
4801,Phenacovolva honkakujiana,"(Kuroda, 1929)",Catalogue of Life
4807,Philbertia capensis,"(E. A. Smith, 1882)",Catalogue of Life
4812,Philobrya angulata,"(G. B. Sowerby III, 1892)",Catalogue of Life
4816,Phos mexicanus,"Dall, 1917",WoRMS
4818,Phos rectum,,
4819,Phos roseatus,"Hinds, 1844",Catalogue of Life
4822,Phyllonotus pomum,"(Gmelin, 1791)",Catalogue of Life
4823,Phyllonotus teguis,,
4824,Physa acuta,"Draparnaud, 1805",Catalogue of Life
4825,Physa eliptica,,
4826,Physa integra,"Physa (Diastropha) integra Haldeman, 1841",Catalogue of Life
4827,Physa tortuosa,"Clessin, 1886",WoRMS
4828,Physopsis africana,"F. Krauss, 1848",Catalogue of Life
4830,Pila appressa,,
4831,Pila cancaliculatus,,
4832,Pila hanleyanus,,
4833,Pila haustrum,,
4834,Pila megastoma,,
4836,Pila palulosa,,
4837,Pila sordidus,,
4838,Pila zonata,,
4848,Pisania crenilabrum,"A. Adams, 1855",Catalogue of Life
4855,Pitar citrina,[sic],Catalogue of Life
4857,Pitar hebraea,"(Lamarck, 1818)",Catalogue of Life
4863,Placamen calophylla,"Habe & Kosuge, 1979",
4869,Placostylus elobatus,"(Gould, 1846)",WoRMS
4878,Planaxis brasiliana,,
4879,Planaxis labiosus,"A. Adams, 1853",MCZbase
4880,Planaxis lineatus,"(E. M. da Costa, 1778)",ITIS
4882,Planaxis niger,"Quoy & Gaimard, 1833",Catalogue of Life
4893,Pleurodonte rostrata,Pfr.,MCZbase
4900,Pododesmus squama,"(Gmelin, 1791)",Catalogue of Life
4906,Polinices catena,"Polinices (Euspira) catena (da Costa, 1778)",Catalogue of Life
4909,Polinices duplicatus,"(Say, 1822)",Catalogue of Life
4914,Polinices mamilla,[sic],Catalogue of Life
4917,Polinices napus,"Polinices (Euspira) napus (E. A. Smith, 1904)",Catalogue of Life
4918,Polinices opaca,[sic],WoRMS
4920,Polinices plumbeus,,
4925,Polinices salangonensis,,
4928,Polinices solidus,,
4933,Polygyra albolabris,"Polygyra (Mesodon) albolabris (Say, 1817)",Catalogue of Life
4934,Polygyra auriformis,"(Bland, 1859)",Catalogue of Life
4935,Polygyra mesodon,,
4936,Polymesoda sarasotaensis,,
4937,Polymita brochers,,
4942,Powelliphanta busbyi,,
4952,Primovula carnea,"(Poiret, 1789)",Catalogue of Life
4953,Primovula sinensis,,
4956,Proptera alata,"(Say, 1817)",Catalogue of Life
4970,Psammocola radiata,,
4971,Psammotellina capensis,"G. B. Sowerby III, 1889",Catalogue of Life
4972,Pseudactaeon albus,"(G. B. Sowerby III, 1874)",Catalogue of Life
4973,Pseudochama cornuta,,
4977,Pseudoliva ancilla,"Hanley, 1860",Catalogue of Life
4980,Pseudoneptunea multangulus,,
4982,Pseudoraphitoma alfredi,"(E. A. Smith, 1904)",Catalogue of Life
4983,Pseudostomatella imbricta,,
4989,Pteria chinensis,"Leach, 1814",Catalogue of Life
4993,Pteropurpura capensis,"(Sowerby II, 1841)",WoRMS
5003,Pterynotus argasi,,
5006,Pterynotus triquetor,Born,GBIF Backbone Taxonomy
5007,Ptilototheca soutpansbergensis,"Herbert, 2016",Catalogue of Life
5009,Ptychodon pseudoleioda,,
5015,Pupa fumata,,
5019,Puperita japonica,,
5021,Puperita tristis,"(d'Orbigny, 1842)",Catalogue of Life
5023,Pupilla tetrodus,"(Boettger, 1870)",Catalogue of Life
5029,Puriperna dentifera,,
5030,Purpura aperta,"Blainville, 1832",Catalogue of Life
5032,Purpura haustorium,,
5033,Purpura haustrum,"(Martyn, 1784)",Catalogue of Life
5035,Purpura patula,"(Linnaeus, 1758)",Catalogue of Life
5039,Pusia bernhardina,"(Röding, 1798)",Catalogue of Life
5040,Pusia ebenus,"(Lamarck, 1811)",Catalogue of Life
5041,Pusia osiridis,"(Issel, 1869)",Catalogue of Life
5042,Pusia patriarcholis,,
5043,Pusia patula,"(Reeve, 1845)",Catalogue of Life
5046,Pusiostoma mendicaria,"(Linnaeus, 1758)",Catalogue of Life
5049,Pygmipanda atomata,"(Gray, 1834)",Catalogue of Life
5050,Pyramidalis mitralis,,
5052,Pyramidella auriscati,"(Holten, 1802)",Catalogue of Life
5053,Pyramidella capensis,"(Thiele, 1925)",Catalogue of Life
5059,Pyramidula rufestris,,
5062,Pyrene amphitrite,,
5063,Pyrene apicata,Smith,MCZbase
5064,Pyrene aplicata,,
5067,Pyrene burnupi,Smith,MCZbase
5068,Pyrene consanguinea,,
5069,Pyrene filmerae,"(G. B. Sowerby III, 1900)",Catalogue of Life
5072,Pyrene fuscata,Sowb. 1832,MCZbase
5073,Pyrene haemastoma,Sow.,MCZbase
5074,Pyrene kraussi,[sic],Catalogue of Life
5077,Pyrene mercatoria,L.,MCZbase
5078,Pyrene metella,,
5079,Pyrene miltostoma,,
5081,Pyrene mutabilis,,
5085,Pyrene pyramidalis,Sby,MCZbase
5086,Pyrene rustica,"(Linnaeus, 1758)",Catalogue of Life
5087,Pyrene separanda,,
5088,Pyrene shepstonensis,,
5089,Pyrene strombiformis,"Hanley, 1843",MCZbase
5090,Pyrene sulcata,,
5091,Pyrene tayloriana,Rve,MCZbase
5094,Pyrene vincta,Tate,MCZbase
5095,Pyrene whitechurchi,,
5100,Pythia striata,"(Reeve, 1842)",Catalogue of Life
5102,Quadrula cahabensis,"(I. Lea, 1871)",WoRMS
5103,Quadrula metaneura,"Quadrula (Theliderma) metaneura (Rafinesque, 1820)",Catalogue of Life
5109,Ranella denticola,,
5113,Ranularia moritincta,,
5119,Ratifusus alfredensis,"(Bartsch, 1915)",Catalogue of Life
5124,Rhachistia chiradzuluensis,"(E.A. Smith, 1899)",Catalogue of Life
5130,Rhinoclavis echinatum,,
5133,Rhinoclavis labiosum,,
5135,Rhinoclavis nesioticum,,
5137,Rhinoclavis pulchra,"(A. Adams in G. B. Sowerby II, 1855)",Catalogue of Life
5139,Rhinoclavis sinuata,,
5141,Rhysota ovum,"Rhysota (Rhysota) ovum (Valenciennes, 1827)",Catalogue of Life
5142,Rhytida confusa,"(Pfeiffer, 1855)",MCZbase
5147,Rissoina bryerca,Mont,MCZbase
5151,Rissoina rietensis,"W. H. Turton, 1932",Catalogue of Life
5153,Rissoina tridentata,Mich.,MCZbase
5155,Roxania simillima,"Thiele, 1925",Catalogue of Life
5157,Saccostrea crenulifera,,
5160,Sanguinolaria cruenta,"( [Lightfoot] , 1786)",Catalogue of Life
5161,Sanguinolaria olivacea,"(Jay, 1857)",Catalogue of Life
5162,Sanguinolaria sanguinolenta,"(Gmelin, 1791)",Catalogue of Life
5164,Saxicava rugosa,"(Linnaeus, 1767)",Catalogue of Life
5179,Scutellastra natalensis,"(F. Krauss, 1848)",Catalogue of Life
5189,Seapharea satewi,,
5194,Selatodryas luteosoma,"Herbert, 2017",Catalogue of Life
5195,Selatodryas roseosoma,"Herbert, 2017",Catalogue of Life
5205,Serpulorbis natalensis,"(Mörch, 1862)",Catalogue of Life
5206,Shaskyus festivus,"(Hinds, 1844)",Catalogue of Life
5208,Sheldonia aloicola,"(Melvill & Ponsonby, 1890)",Catalogue of Life
5210,Sheldonia asthenes,"(Melvill & Ponsonby, 1907)",Catalogue of Life
5212,Microkerkus chrysoprasinus,"(Melvill & Ponsonby, 1892)",Catalogue of Life
5216,Sheldonia crawfordi,"(Melvill & Ponsonby, 1890)",Catalogue of Life
5217,Sheldonia fingolandensis,"Herbert, 2017",Catalogue of Life
5218,Microkerkus fuscicolor,"(Melvill & Ponsonby, 1892)",Catalogue of Life
5220,Kerkophorus inunctus,"(Melvill & Ponsonby, 1899)",Catalogue of Life
5221,Microkerkus leucospira,"(L. Pfeiffer, 1857)",Catalogue of Life
5222,Sheldonia lightfooti,"Connolly, 1939",Catalogue of Life
5223,Kerkophorus melvilli,"Godwin-Austen, 1912",Catalogue of Life
5224,Sheldonia monsmaripi,"Herbert, 2016",Catalogue of Life
5225,Sheldonia natalensis,"(L. Pfeiffer, 1846)",Catalogue of Life
5226,Sheldonia orientalis,"(Godwin-Austen, 1914)",Catalogue of Life
5228,Sheldonia plain,,
5232,Sheldonia small,,
5233,Sheldonia trotteriana,"(Benson, 1848)",Catalogue of Life
5235,Sheldonia warreni,"Sheldonia (Kerkophorus) warreni Connolly, 1939",WoRMS
5241,Siliquaria australis,,
5242,Siliquaria chuni,"(Thiele, 1925)",Catalogue of Life
5243,Siliquaria cumingii,"(Mörch, 1861)",Catalogue of Life
5244,Siliquaria ponderosa,"(Mörch, 1861)",Catalogue of Life
5245,Siliquaria weldii,(T. Wood),MCZbase
5246,Siliquaria wilmanae,"Tomlin, 1918",Catalogue of Life
5256,Siphonalia glans,Bolten,MCZbase
5259,Siphonalia signum,"(Reeve, 1846)",Catalogue of Life
5261,Siphonaria algerica,,
5269,Siphonaria deflexa,"Siphonaria (Patellopsis) deflexa (Helbling, 1779)",Catalogue of Life
5283,Sitala jenynsi,"(L. Pfeiffer, 1846)",Catalogue of Life
5284,Smaragdia glabrata,,
5288,Ilanga agulhaensis,,
5293,Solecurtus sulcatus,"(Dunker, 1862)",Catalogue of Life
5296,Solemya parkinsoni,[sic],Catalogue of Life
5310,Soletellina boeddinghausi,"Lischke, 1870",Catalogue of Life
5311,Soletellina lunulata,"(Deshayes, 1855)",Catalogue of Life
5312,Soletellina nitida,"(Gray, 1843)",Catalogue of Life
5313,Soletellina olivacea,"Lischke, 1874",Catalogue of Life
5315,Solmopina macfarlanei,,
5317,Sphaerospira mulgravensis,,
5318,Sphaerospira rainbirdi,,
5319,Spirula solida,,
5321,Spisula aequilateralis,"(Deshayes, 1854)",Catalogue of Life
5322,Spisula polynyma,"(Stimpson, 1860)",Catalogue of Life
5337,Stabilima strangei,,
5339,Standella aegyptiaca,,
5341,Stenomelania denisoniensis,"(Brot, 1877)",Catalogue of Life
5342,Stenotrema fraterna,Say,MCZbase
5348,Streptopinna saccata,"(Linnaeus, 1758)",Catalogue of Life
5350,Strigatella crassa,"(Swainson, 1822)",WoRMS
5351,Strigatella limbifera,,
5352,Strigatella litterata,"(Lamarck, 1811)",Catalogue of Life
5354,Strigatella paupercula,"(Linnaeus, 1758)",Catalogue of Life
5355,Strigatella scutulata,"(Gmelin, 1791)",Catalogue of Life
5361,Strombus aurisdinae,,
5364,Strombus canarium,"Strombus (Laevistrombus) canarium Linnaeus, 1758",Catalogue of Life
5368,Strombus dolomena,,
5369,Strombus epidromis,"Linnaeus, 1758",Catalogue of Life
5372,Strombus fusiformis,"Strombus (Canarium) fusiformis G. B. Sowerby II, 1842",Catalogue of Life
5374,Strombus gibberulus,"Linnaeus, 1758",Catalogue of Life
5377,Strombus granulatus,"Swainson, 1822",Catalogue of Life
5378,Strombus labiatus,"Perry, 1811",Catalogue of Life
5381,Strombus luhuanus,"Linnaeus, 1758",Catalogue of Life
5384,Strombus minimus,"Linnaeus, 1771",Catalogue of Life
5385,Strombus mutabilis,"Strombus (Canarium) mutabilis Swainson, 1821",Catalogue of Life
5386,Strombus peruvianus,"Swainson, 1823",Catalogue of Life
5392,Strombus triconis,,
5393,Strombus urceus,"Strombus (Canarium) urceus Linnaeus, 1758",Catalogue of Life
5397,Strophitus rugosus,"(Swainson, 1822)",Catalogue of Life
5403,Subeulima magnifica,"Bartsch, 1915",Catalogue of Life
5405,Succinea exarata,"F. Krauss, 1848",Catalogue of Life
5408,Succinea salleana,"L. Pfeiffer, 1850",Catalogue of Life
5410,Sunetta contempta,"E. A. Smith, 1891",Catalogue of Life
5413,Sunetta scripta,"(Linnaeus, 1758)",Catalogue of Life
5415,Swainsonia ocellata,"(Swainson, 1831)",Catalogue of Life
5427,Tapes literata,"(Linnaeus, 1758)",Catalogue of Life
5428,Tapes philippinarum,"(Adams & Reeve, 1850)",Catalogue of Life
5430,Tapes variegata,"G. B. Sowerby II, 1852",Catalogue of Life
5432,Tawera gallinula,"(Lamarck, 1818)",Catalogue of Life
5437,Tectarius muricatus,"(Linnaeus, 1758)",Catalogue of Life
5449,Tegula lischkei,"(Tapparone Canefri, 1874)",Catalogue of Life
5450,Tegula panamanica,,
5457,Tegurum exutum,,
5458,Teinostoma africana,Sm.,MCZbase
5465,Tellina apelina,"Gmelin, 1791",WoRMS
5470,Tellina deltoides,,
5480,Tellina littoralis,Krauss,MCZbase
5487,Tellina perna,"Tellina (Pharaonella) perna Spengler, 1798",Catalogue of Life
5495,Tellina scobinata,"Tellina (Scutarcopagia) scobinata Linnaeus, 1758",Catalogue of Life
5498,Tellina tampaensis,"Conrad, 1866",Catalogue of Life
5503,Tellina trilaterata,,
5519,Duplicaria badia,"(Deshayes, 1859)",Catalogue of Life
5531,Terebra diplomeriza,,
5534,Oxymeris felina,"(Dillwyn, 1817)",Catalogue of Life
5538,Terebra impages,,
5540,Euterebra kowiensis,"(W. H. Turton, 1932)",Catalogue of Life
5542,Hastulopsis loisae,"(E. A. Smith, 1903)",Catalogue of Life
5545,Terebra micans,"Hinds, 1844",Catalogue of Life
5550,Terebra peasii,"Deshayes, 1859",Catalogue of Life
5551,Euterebra planecosta,"(Barnard, 1958)",Catalogue of Life
5561,Hastulopsis suspensa,"(E. A. Smith, 1904)",Catalogue of Life
5566,Hastula vallesia,,
5571,Thais alouina,"Thais (Mancinella) alouina (Röding, 1798)",Catalogue of Life
5572,Thais armigera,"(Link, 1807)",Catalogue of Life
5573,Thais ascensionis,,
5574,Thais biselaris,,
5575,Thais biserialis,"(Blainville, 1832)",Catalogue of Life
5576,Thais bronni,"(Dunker, 1860)",Catalogue of Life
5577,Thais bufo,"(Lamarck, 1822)",Catalogue of Life
5582,Thais cingulata,"(Linnaeus, 1771)",Catalogue of Life
5583,Thais delessertiana,"(d'Orbigny, 1841)",
5587,Thais echinata,"Thais (Mancinella) echinata (Blainville, 1832)",Catalogue of Life
5588,Thais emarginata,"(Deshayes, 1839)",Catalogue of Life
5591,Thais haemastoma,"(Linnaeus, 1767)",Catalogue of Life
5592,Thais haemostoma,Conrad,MCZbase
5593,Thais harpa,,
5595,Thais intermedia,"(Kiener, 1835)",Catalogue of Life
5596,Thais kieneri,,
5599,Thais lacunosus,,
5600,Thais lamellosa,"(Gmelin, 1791)",Catalogue of Life
5602,Thais lapillus,"(Linnaeus, 1758)",Catalogue of Life
5603,Thais lima,"(Gmelin, 1791)",Catalogue of Life
5604,Thais melones,"Thais (Vasula) melones (Duclos, 1832)",Catalogue of Life
5606,Thais neritoidea,L.,MCZbase
5608,Thais orbita,"(Gmelin, 1791)",Catalogue of Life
5609,Thais reticulata,"Thais (Lepsiella) reticulata (Blainville, 1832)",MCZbase
5610,Thais rudolphi,Lamarck,Catalogue of Life
5611,Thais rustica,"(Lamarck, 1822)",Catalogue of Life
5612,Thais savignyi,"Thais (Thalessa) savignyi (Deshayes, 1844)",WoRMS
5613,Thais scalaris,(Schub. & Wagner),MCZbase
5614,Thais scobina,Thais (Lepsiella) scobina Linnaeus,MCZbase
5615,Thais speciosa,"Thais (Thais) speciosa (Valenciennes, 1832)",Catalogue of Life
5616,Thais squamosa,"(Pease, 1868)",Catalogue of Life
5617,Thais textilosa,"(Lamarck, 1816)",Catalogue of Life
5619,Thais triangularis,"Thais (Thais) triangularis (Blainville, 1832)",Catalogue of Life
5622,Thais wahlbergi,"(F. Krauss, 1848)",Catalogue of Life
5625,Thapsia pinguis,"(F. Krauss, 1848)",Catalogue of Life
5627,Craspedochiton isipingoensis,"(Sykes, 1901)",Catalogue of Life
5630,Thelidomus guanensis,Poey,MCZbase
5632,Thiara lobbecki,,
5633,Thiara vonamica,,
5639,Tibia vaneospira,,
5645,Tivela isabelleana,"(d'Orbigny, 1846)",Catalogue of Life
5670,Toxiclionella elstoni,"(Barnard, 1962)",Catalogue of Life
5673,Trachycardium flavum,"(Linnaeus, 1758)",Catalogue of Life
5675,Trachycardium maculosum,"(W. Wood, 1815)",Catalogue of Life
5677,Trachycardium rubicundum,"(Reeve, 1844)",Catalogue of Life
5678,Trachycystis aenea,"Trachycystis (Chalcocystis) aenea (F. Krauss, 1848)",Catalogue of Life
5679,Trachycystis alcocki,"(Melvill & Ponsonby, 1895)",Catalogue of Life
5680,Trachycystis aulacophora,"Trachycystis (Phaulocystis) aulacophora (Ancey, 1890)",Catalogue of Life
5682,Trachycystis bifoveolata,,
5684,Trachycystis calorama,"Melvill & Ponsonby, 1899",Catalogue of Life
5686,Trachycystis centrifuga,"Melvill & Ponsonby, 1903",Catalogue of Life
5687,Trachycystis charybdis,"(Benson, 1856)",Catalogue of Life
5689,Trachycystis conisalea,"Trachycystis (Chilocystis) conisalea (Melvill & Ponsonby, 1892)",Catalogue of Life
5691,Trachycystis delicata,"Trachycystis (Liparocystis) delicata (Melvill & Ponsonby, 1895)",Catalogue of Life
5693,Trachycystis falconi,"Connolly, 1939",Catalogue of Life
5694,Trachycystis ferarum,"Connolly, 1932",Catalogue of Life
5695,Trachycystis fossula,"Connolly, 1925",Catalogue of Life
5697,Trachycystis glebaria,"Melvill & Ponsonby, 1903",Catalogue of Life
5700,Trachycystis kincaidi,"Connolly, 1932",Catalogue of Life
5701,Trachycystis knysnaensis,"Trachycystis (Chilocystis) knysnaensis Preston, 1912",Catalogue of Life
5703,Trachycystis liricostata,"(Melvill & Ponsonby, 1891)",Catalogue of Life
5704,Trachycystis loveni,"(F. Krauss, 1848)",Catalogue of Life
5707,Trachycystis mcdowelli,"Connolly, 1922",Catalogue of Life
5708,Trachycystis minutae,,
5709,Trachycystis permeata,"Melvill & Ponsonby, 1903",Catalogue of Life
5711,Trachycystis proxima,"Connolly, 1939",Catalogue of Life
5712,Trachycystis pura,"Connolly, 1922",Catalogue of Life
5713,Trachycystis pycnotricha,"Trachycystis (Chilocystis) pycnotricha Melvill & Ponsonby, 1899",Catalogue of Life
5716,Trachycystis sabuletorum,"(Benson, 1851)",Catalogue of Life
5717,Trachycystis scolopendra,"Trachycystis (Chilocystis) scolopendra Melvill & Ponsonby, 1903",Catalogue of Life
5718,Trachycystis sheldonia,,
5719,Trachycystis simplex,"Trachycystis (Phaulocystis) simplex Melvill & Ponsonby, 1903",Catalogue of Life
5720,Trachycystis somersetensis,"(Melvill & Ponsonby, 1893)",Catalogue of Life
5721,Trachycystis spissicosta,"Trachycystis (Phaulocystis) spissicosta Melvill & Ponsonby, 1907",Catalogue of Life
5722,Trachycystis spissisculpta,"Connolly, 1932",Catalogue of Life
5724,Trachycystis tollini,"(Benson, 1856)",Catalogue of Life
5725,Trachycystis trichostiroma,,
5726,Trachycystis venatorum,"Connolly, 1932",Catalogue of Life
5727,Trachycystis watsoni,"Trachycystis (Chilocystis) watsoni Connolly, 1939",Catalogue of Life
5729,Trapezium ponderosa,,
5732,Trichomya hirsuta,"(Lamarck, 1819)",Catalogue of Life
5741,Tricolia kraussi,"(E. A. Smith, 1911)",Catalogue of Life
5743,Tricolia striolata,"(W. H. Turton, 1932)",Catalogue of Life
5749,Trigonephrus ambiguosus,"(Ferussac, 1821)",Catalogue of Life
5753,Trigonephrus namaquensis,"(Melvill & Ponsonby, 1891)",Catalogue of Life
5755,Trigonostoma scalariformis,"(Lamarck, 1822)",Catalogue of Life
5756,Trigonostoma semidisjuncta,[sic],Catalogue of Life
5759,Triodopsis albolabris,"(Say, 1816)",ITIS
5761,Triphora algoensis,"Thiele, 1925",Catalogue of Life
5771,Trivia aperta,"(Swainson, 1822)",Catalogue of Life
5773,Trivia californiana,"(Gray, 1827)",Catalogue of Life
5774,Trivia costata,"(Gmelin, 1791)",Catalogue of Life
5778,Trivia lathyrus,"de Blainville, 1826",MCZbase
5779,Trivia magnidentata,"Liltved, 1986",Catalogue of Life
5784,Trivia pacifica,,
5787,Trivia phalacra,"(Schilder, 1930)",Catalogue of Life
5788,Trivia quadripunctata,"(Gray, 1827)",Catalogue of Life
5789,Trivia radians,"(Lamarck, 1810)",
5791,Trivia sanguinea,"(Sowerby, 1832 ex Gray, MS)",MCZbase
5792,Trivia solandri,"(G. B. Sowerby I, 1832)",Catalogue of Life
5794,Trivia verhoefi,"Gosliner & Liltved, 1982",Catalogue of Life
5795,Trochocochlea crassa,Pulteney,MCZbase
5796,Trochocochlea turbinata,"(Born, 1778)",Catalogue of Life
5799,Trochus concavus,"Gmelin, 1791",Catalogue of Life
5802,Trochus longomarginatus,,
5804,Trochus nigropunctatus,"Reeve, 1861",Catalogue of Life
5806,Trochus podolicus,"Dubois de Montpereux, 1831",Catalogue of Life
5807,Trochus praecurvilinaetes,,
5808,Trochus praermavirensis,,
5809,Trochus pseudonmairei,,
5810,Trochus sulcopodolicus,,
5814,Trophon acceptans,"Barnard, 1959",Catalogue of Life
5815,Trophon ambiguus,"(Philippi, 1844)",WoRMS
5816,Trophon geversianus,"(Pallas, 1774)",Catalogue of Life
5817,Trophon jucundus,"Thiele, 1925",Catalogue of Life
5818,Trophonopsis aldicularum,,
5824,Tropidophora sarcodes,"(L. Pfeiffer, 1857)",Catalogue of Life
5836,Tulbaghinia isomeroides,,
5854,Turbo natalensis,"F. Krauss, 1848",Catalogue of Life
5856,Lunella notalis,,
5863,Turbo smaragdus,"Turbo (Turbo) smaragdus Gmelin, 1791",Catalogue of Life
5877,Turbonilla pellucida,"(G. B. Sowerby III, 1897)",Catalogue of Life
5878,Turbonilla producta,"W. H. Turton, 1932",WoRMS
5883,Turbonilla trachealis,"Turbonilla (Cingulina) trachealis (Gould, 1861)",Catalogue of Life
5886,Turris acuta,"(Perry, 1811)",Catalogue of Life
5887,Turris amplisulcus,,
5889,Turris cingulifera,"(Lamarck, 1822)",Catalogue of Life
5891,Turris elstoni,,
5894,Turris saldanhae,"Barnard, 1958",Catalogue of Life
5895,Turris varianilis,,
5908,Turritella exoleta,"(Linnaeus, 1758)",Catalogue of Life
5910,Turritella goniostoma,"(Valenciennes, 1832)",
5913,Turritella iredalei,,
5914,Turritella krebra,,
5917,Turritella rosea,"Quoy & Gaimard, 1834",Catalogue of Life
5926,Tylostia unizonatis,,
5927,Tympanotonus fuscatus,"(Linnaeus, 1758)",Catalogue of Life
5928,Tympanotonus radula,"(Linnaeus, 1758)",Catalogue of Life
5929,Typhis arcuatus,"Hinds, 1843",Catalogue of Life
5930,Tyrannophaedusa bilaterata,,
5936,Umbonium zelandica,,
5937,Umbraculum sinicum,"(Gmelin, 1791)",Catalogue of Life
5939,Ungulina alba,"Dunker, 1853",Catalogue of Life
5941,Unio douglasise,,
5943,Unio timidus,Philipsson,MCZbase
5944,Urocoptis numboldiana,,
5950,Vanikoro deshayesiana,"(Récluz, 1844)",Catalogue of Life
5961,Vasum turbinellum,[sic],Catalogue of Life
5964,Veletuceta flammea,,
5972,Venerupis japonica,"(Deshayes, 1853)",ITIS
5974,Venerupis pullastra,"(Montagu, 1803)",Catalogue of Life
5976,Venerupis straminea,,
5981,Veocollonia ponsonbyi,,
5983,Vermetus corallinaceus,"Tomlin, 1939",Catalogue of Life
5984,Vermetus natalensis,"(Mörch, 1862)",Catalogue of Life
5988,Vexillum aureolatum,"(Reeve, 1844)",Catalogue of Life
5989,Vexillum bathyraphe,,
5990,Vexillum canaliculatum,,
5991,Vexillum capense,,
5992,Vexillum capensis,"(Lamarck, 1822)",MCZbase
5993,Vexillum caudiculata,,
5995,Vexillum costellaris,Lam.,MCZbase
5997,Vexillum cumingi,"(Reeve, 1844)",Catalogue of Life
5999,Vexillum euzonatum,,
6001,Vexillum festivum,,
6003,Vexillum kowieense,,
6009,Vexillum osidiris,,
6011,Vexillum plicarium,"(Linnaeus, 1758)",Catalogue of Life
6012,Vexillum rhodarion,"Kilburn, 1972",Catalogue of Life
6022,Vivipara nitutextus,,
6023,Volachlamys cumingii,"(Reeve, 1853)",MCZbase
6025,Voluta barnardi,,
6028,Volutocorbis abyssicola,"(Adams & Reeve, 1848)",Catalogue of Life
6029,Volutocorbis boswellae,"Rehder, 1969",Catalogue of Life
6030,Volutocorbis gilchristi,,
6031,Volutocorbis kilburni,"Rehder, 1974",Catalogue of Life
6032,Volutocorbis lutosa,"Koch, 1948",Catalogue of Life
6033,Volutocorbis semirugata,"Rehder & Weaver, 1974",Catalogue of Life
6034,Volutopsis laryillierti,,
6035,Volva birostris,"(Linnaeus, 1767)",WoRMS
6037,Volva nectaria,,
6044,Volvarinella brocktoni,,
6045,Vulsella aerolatus,,
6046,Vulsella americana,Leach,MCZbase
6047,Vulsella demissa,Dil.,MCZbase
6049,Vulsella modiolus,Linne,MCZbase
6050,Wainuia urnula,"(Reeve, 1854)",Catalogue of Life
6052,Xancus angulatus,Solander,MCZbase
6053,Xancus pyrum,"(Linnaeus, 1767)",Catalogue of Life
6062,Xenostrobus securis,"(Lamarck, 1819)",Catalogue of Life
6063,Xenuroturris cingulifera,"(Lamarck, 1822)",Catalogue of Life
6065,Zaria australis,,
6066,Zaria duplicata,"(Linnaeus, 1758)",
6067,Zaria fulminata,,
6068,Zaria symmetrica,,
6073,Zeacumantus tristis,,
6075,Zediloma arida,"Finlay, 1926",Catalogue of Life
6076,Zediloma atrovirens,Phil.,MCZbase
6077,Zediloma coracina,,
6079,Zediloma lugubris,,
6080,Zediloma subrostrata,Gray,MCZbase
6086,Zonitoides nitida,Mull,MCZbase
6087,Lottia fenestrata cribaria,,
6088,Lottia fenestrata fenestrata,,
6090,Aequipecten gibbus gibbus,,
6091,Afrorhytida kraussi kraussi,"(L. Pfeiffer, 1846)",Catalogue of Life
6092,Afrorhytida kraussi oraria,"Herbert & Moussalli, 2010",Catalogue of Life
6093,Dendrofissurella scutellum dubia,,
6094,Dendrofissurellum scutellum hiantula,,
6095,Anachis kraussi kitchingi,,
6096,Anadara lienosa floridana,Conrad,MCZbase
6097,Anodonta grandis footiana,"(I. Lea, 1840)",Catalogue of Life
6098,Anodonta grandis gigantea,"(I. Lea, 1839)",Catalogue of Life
6099,Lithopoma americana imbricata,,
6100,Astraea tecta americana,"(Gmelin, 1791)",ITIS
6102,Benthoclionella jenneri visagei,,
6103,Buccinanops vittatum vittatum,,
6105,Bulla striata amygdala,,
6108,Burnupena papyracea limbosa,,
6109,Burnupena papyracea papyracea,"(Bruguière, 1789)",Catalogue of Life
6113,Busycon perversum eliceans,Mont.,MCZbase
6114,Calliostoma punctulatum urbanior,"(Finlay, 1926)",WoRMS
6115,Camaena monochroa palawanensis,Pfr.,MCZbase
6116,Capitina schaerfiae calcicola,,
6117,Cardita mera affinis,,
6118,Cassis madagascariensis madagascariensis,,
6122,Cerithidea negewischi californica,,
6125,Charopa coma globosa,,
6126,Chicoreus pomum margaritensis,,
6128,Chlamys farreri nipponensis,"Kuroda, 1932",Catalogue of Life
6129,Clathrodrillia incisa ophioderma,,
6130,Clionella sinuata sinuata,"(Born, 1778)",Catalogue of Life
6132,Clionella subventricosa subventricosa,"(E. A. Smith, 1877)",Catalogue of Life
6133,Clypeomorus petrosa isseli,,
6134,Cochlitoma zebra fulgurata,"(L. Pfeiffer, 1853)",Catalogue of Life
6135,Coelatura aegyptiaca gabonensis,,
6136,Coelatura aegyptiaca stuhlmanni,,
6138,Conus algoensis scitulus,"Reeve, 1849",Catalogue of Life
6139,Conus algoensis simplex,"G. B. Sowerby II, 1858",Catalogue of Life
6141,Conus biliosus meyeri,"Walls, 1979",Catalogue of Life
6143,Conus mozambicus lautus,"Reeve, 1844",Catalogue of Life
6144,Conus musicus ceylanensis,,
6145,Conus natalis gilchristi,Sowerby,MCZbase
6147,Conus pennaceus omaria,"Born, 1778",MCZbase
6148,Conus pictus transkeiana,,
6149,Conus scittulus simplex,,
6152,Crepidula convexa glauca,"Crepidula convexa var. glauca Say, 1822",Catalogue of Life
6155,Turritriton gibbosus adairensis,,
6159,Mauritia arabica arabica,"(Linnaeus, 1758)",Catalogue of Life
6160,Mauritia eglantina eglantina,,
6161,Mauritia arabica immanis,"F. A. Schilder & M. Schilder, 1939",Catalogue of Life
6164,Erronea caurica caucira,,
6165,Erronea caurica dracena,,
6166,Erronea caurica elongata,"(Perry, 1811)",Catalogue of Life
6167,Erronea caurica longior,"Iredale, 1935",Catalogue of Life
6168,Pustularia cicercula lienardi,"(Jousseaume, 1874)",Catalogue of Life
6170,Palmadusta clandestina passerina,"(Melvill, 1888)",Catalogue of Life
6172,Palmadusta diluculum diluculum,"(Reeve, 1845)",Catalogue of Life
6173,Palmadusta diluculum virginalis,"Schilder & Schilder, 1938",Catalogue of Life
6174,Cypraeovula edentula nahoonensis,"Lorenz, 1989",Catalogue of Life
6175,Erronea ovum chrysostoma,"F. A. Schilder, 1927",Catalogue of Life
6177,Purpuradusta gracilis macula,"(Angas, 1867)",Catalogue of Life
6178,Cypraea helvola argella,"Cypraea helvola var. argella Melvill, 1888",Catalogue of Life
6181,Naria helvola mascarena,,
6183,Naria miliaris differens,,
6184,Naria miliaris nishibati,,
6185,Luria isabella lemuriana,,
6186,Bistolida kieneri kieneri,"(Hidalgo, 1906)",Catalogue of Life
6187,Staphylaea limacina clarissa,"Lorenz, 1989",WoRMS
6189,Luria lurida oceanica,"(Schilder, 1930)",Catalogue of Life
6190,Cypraea mauritiana mauritiana,,
6191,Mauritia mauritiana regina,,
6192,Monetaria moneta icterina,"(Lamarck, 1810)",Catalogue of Life
6193,Cypraea nucleus madagascariensis,"(Linnaeus, 1758)",MCZbase
6194,Cypraea onyx adusta,,
6195,Erronea onyx onyx,"(Linnaeus, 1758)",Catalogue of Life
6196,Bistolida owenii vasta,"Schilder & Schilder, 1938",Catalogue of Life
6197,Naria spurca acicularis,,
6198,Cypraea spurca atlantica,"Cypraea spurca var. atlantica Monterosato, 1897",Catalogue of Life
6199,Naria spurca santaehelenae,,
6200,Naria spurca spurca,"(Linnaeus, 1758)",Catalogue of Life
6201,Staphylaea staphylaea nolani,"Lorenz, 1989",Catalogue of Life
6204,Cypraeovula coronata gabrielli,,
6207,Demoulia ventricosa ventricosa,"(Lamarck, 1816)",Catalogue of Life
6208,Dendropoma irregularis varians,,
6211,Donax variabilis roemeri,"Philippi, 1849",WoRMS
6212,Donax variabilis variabilis,"Say, 1822",MCZbase
6213,Dorcasia rogersi maxima,"Dorcasia rogersi var. maxima Connolly, 1931",Catalogue of Life
6216,Drupa serrialis longus,,
6217,Elliptio dilatatus sterkii,,
6218,Euhadra awaensis vortex,"(Pilsbry, 1902)",MCZbase
6220,Euhadra sechenbergiana notoensis,,
6223,Kilburnia heynemanni lugubris,,
6224,Fossaria modicella rustica,,
6225,Fuscinus herithaini albescense,,
6226,Fusinus ambustus boerstlerii,,
6229,Goniobasis liviescens dipygio,,
6230,Gulella elliptica caelatior,"Connolly, 1939",Catalogue of Life
6231,Gulella elliptica tesserula,"van Bruggen, 1980",Catalogue of Life
6232,Gulella gouldi discriminata,,
6233,Gulella gouldi gouldi,"(L. Pfeiffer, 1856)",Catalogue of Life
6234,Gulella pentheri ischyrion,"Gulella pentheri var. ischyrion Burnup, 1926",Catalogue of Life
6236,Haliotis ruber improbulum,,
6238,Haliotis virginea hottoni,Filhol,MCZbase
6240,Heliacus dorsuosus africanus,,
6241,Heliacus dorsuosus alfredensis,,
6243,Hexaplex radix nigritus,,
6245,Homalopoma quantillum quantillum,"(Gould, 1861)",Catalogue of Life
6246,Hyridella menziesi depauperata,,
6248,Jaton nuttalli albescens,,
6250,Lambis chiragra chiragra,,
6251,Lambis crocata crocata,"Lambis (Lambis) crocata crocata (Link, 1807)",Catalogue of Life
6253,Lambis scorpius scorpius,"(Linnaeus, 1758)",Catalogue of Life
6254,Lambis truncata truncata,"( [Lightfoot] , 1786)",Catalogue of Life
6256,Lampsilis siliquoidea rosacea,"(DeKay, 1843)",Catalogue of Life
6257,Leptodea fragilis lacrustris,,
6258,Liguus fasciatus fasciatus,"(Muller, 1774)",MCZbase
6259,Lima scabra tenera,,
6261,Littorina scabra scabra,"Littorina (Littorinopsis) scabra scabra (Linnaeus, 1758)",Catalogue of Life
6265,Mactra adansoni decora,"Mactra adansoni var. decora sensu W. H Turton, 1932",WoRMS
6266,Mactra glabrata glabatra,,
6267,Mactrella alata spengleri,,
6268,Maculotriton bracteatus bacillus,,
6270,Maoricolpus roseus roseus,"(Quoy & Gaimard, 1834)",Catalogue of Life
6273,Marginella piperata cosmia,,
6275,Marginella piperata fuscopincta,,
6277,Marginella piperata miniscula,Turton,MCZbase
6278,Marginella piperata monozonia,,
6280,Marginella piperata roseolineata,,
6281,Marginella piperata scitula,"Marginella piperata var. scitula W. H. Turton, 1932",Catalogue of Life
6283,Marginella volvarina zonata,,
6284,Megalophaedusa japonica kobensis,,
6285,Megalophaedusa martensi reinana,,
6289,Mitra picta picta,,
6290,Monadenia fidelis berglica,,
6291,Monadenia fidelis callidina,"S. S. Berry, 1940",Catalogue of Life
6292,Monadenia fidelis fidelis,"(Gray, 1834)",Catalogue of Life
6293,Monadenia fidelis salmonensis,"Talmadge, 1954",WoRMS
6294,Monadenia fidelis setosa,,
6295,Monadenia fidelis trinidadensis,"Talmadge, 1947",Catalogue of Life
6296,Murex elenensis tricornis,,
6297,Murex maurus sauliae,,
6298,Murex recurvirostris rubidus,"F. C. Baker, 1897",Catalogue of Life
6300,Nassarius acularis plicatus,,
6302,Nassarius mendicus cooperi,"(Forbes, 1850)",ITIS
6304,Nassarius pyramidalis pyramidalis,,
6305,Natalina cafra amathole,"Herbert & Moussalli, 2010",Catalogue of Life
6306,Natalina cafra cafra,"(Férussac, 1821)",Catalogue of Life
6307,Natalina cafra eumacta,"(Melvill & Ponsonby, 1892)",Catalogue of Life
6309,Natalina kraussi kraussi,,
6310,Natalina quekettiana lucaris,"Herbert & Moussalli, 2010",Catalogue of Life
6313,Natica poliana della,,
6314,Natica simplex simplex,"G. B. Sowerby III, 1897",Catalogue of Life
6316,Nerita chamaeleon annulata,,
6321,Nucella lapillus albino,,
6322,Nucella lapillus fulure,,
6324,Nucella lapillus lactea,,
6326,Ocenebra poulsoni carpentes,,
6332,Oliva carreola bozonalis,,
6333,Oliva episcopalis lugubris,,
6334,Oliva galiola carneola,,
6335,Oliva larmoine rufofulgurata,,
6337,Oliva reticulatis olorinella,,
6339,Olivella biplicata angelina,,
6347,Peristernia forskalii forskalii,"(Tapparone Canefri, 1875)",Catalogue of Life
6349,Phalium craticulatum euthyme,,
6350,Phalium granulatum centiquadrata,,
6351,Phalium granulatum granulatum,"(Von Born, 1778)",Catalogue of Life
6352,Phalium labiatum iredalei,"Phalium (Xenogalea) labiatum var. iredalei Bayer, 1935",Catalogue of Life
6353,Phalium labiatum zeylanicum,"(Lamarck, 1822)",Catalogue of Life
6354,Phalium pyrum finlayi,,
6355,Phalium pyrum pyrum,,
6356,Phalium pyrum zeylanicum,,
6357,Phasianella ventricosa zebra,,
6358,Phyllonotus pomum oculatus,"Phyllonotus pomum f. oculatus (Reeve, 1845)",Catalogue of Life
6359,Pila cancaliculatus australis,,
6362,Polinices didyma bicolor,,
6363,Polinices uber uber,,
6364,Polygyra albolabris major,Brun,MCZbase
6365,Polygyra mesodon clausa,,
6366,Polygyra mesodon thyroidus,,
6367,Polymita brochers brochers,,
6374,Powelliphanta gilliesi gilliesi,"(E. A. Smith, 1880)",Catalogue of Life
6375,Powelliphanta gilliesi kahurangila,,
6378,Powelliphanta hochstetteri hochstetteri,"(L. Pfeiffer, 1861)",Catalogue of Life
6380,Powelliphanta lignaria lignaria,"(Hutton, 1888)",Catalogue of Life
6384,Powelliphanta superba provesorum,,
6386,Powelliphanta traversi traversi,"(Powell, 1930)",Catalogue of Life
6387,Proptera alata megaptera,"(Rafinesque, 1820)",Catalogue of Life
6388,Purpura patula pansa,"(Linnaeus, 1758)",MCZbase
6390,Pyrene langleyi consanguinea,,
6394,Rhysota ovum depressa,"Rhysota (Rhysota) ovum depressa Möllendorff, 1898",Catalogue of Life
6397,Sheldonia small pale,,
6399,Stagnicola palustris elodes,Say,MCZbase
6400,Strombus aurisdianae aratrum,,
6401,Strombus aurisdianae aurisdinae,,
6402,Strombus aurisdinae aurisdinae,,
6403,Strombus decorus mauritianus,,
6404,Strombus dolomena microurceum,,
6405,Strombus gibberulus gibbosus,"Strombus (Gibberulus) gibberulus gibbosus (Röding, 1798)",Catalogue of Life
6406,Strombus granulatus swainson,,
6407,Strombus labiatus labiatus,"Strombus (Canarium) labiatus labiatus (Roding, 1798)",MCZbase
6408,Strombus labiatus olydius,"(Duclos, 1844)",Catalogue of Life
6409,Strombus marginatus septirius,,
6410,Strombus marginatus succinctus,"Strombus (Dolomena) marginatus succinctus Linnaeus, 1767",MCZbase
6411,Strombus mutabilis ochroglottis,"Strombus (Canarium) mutabilis ochroglottis Abbott, 1960",Catalogue of Life
6413,Strombus pugilis alatus,Gmelin,MCZbase
6414,Strombus pugilis pugilis,"Linnaeus, 1758",Catalogue of Life
6415,Strombus vittatus japonicus,"Reeve, 1851",MCZbase
6416,Strombus vittatus vittatus,"Strombus (Doxander) vittatus vittatus Linnaeus, 1758",WoRMS
6417,Strophocheilus oblongus musculus,"Strophocheilus (Megalobulimus) oblongus musculus Bequaert, 1948",Catalogue of Life
6418,Succinea luteola floridana,Pils,MCZbase
6421,Tellina radiata inimaculata,,
6422,Terebra concava vinosa,"Terebra (Acus) concava vinosa Dall, 1889",Catalogue of Life
6424,Thais haemastoma biserialis,"(Blainville, 1832)",Catalogue of Life
6425,Thais haemastoma caniculata,[sic],WoRMS
6426,Thais haemastoma floridana,"(Conrad, 1837)",ITIS
6427,Thais haemastoma forbesi,Dunker,MCZbase
6428,Thais haemastoma haemastoma,"(Linnaeus, 1758)",ITIS
6429,Thais haemostoma haemostoma,,
6430,Thais lapillus bizonalis,,
6431,Thais lapillus castanea,,
6432,Thais scobina albomarginata,Desh,MCZbase
6433,Tibia vaneospira cancellata,,
6434,Trachycystis rivularis densenstriata,,
6435,Trilobopsis loricata sonomaensis,"(Hemphill, 1911)",Catalogue of Life
6436,Trivia millardi calvareda,,
6437,Tropidophora ligata hartivigiana,,
6439,Turbo cidaris cidaris,"Gmelin, 1791",Catalogue of Life
6441,Turbonilla pellucida affinis,"Turbonilla pellucida var. affinis W. H. Turton, 1932",Catalogue of Life
6442,Turris crispa crispa,(Lamarck),
6444,Umbonium moniliferum costatum,,
6446,Vasum muricatum coestus,,
6447,Vespericola megasoma euthles,,
6448,Vexillum ornatum coccineum,,
6449,Vexillum vulpecula juicesii,,
6451,Viana regina lirata,Torre,MCZbase
6481,Afrodonta bilamellaris londonensis,"Solem, 1970",Catalogue of Life
6501,Sassia parkinsonia,"(Perry, 1811)",Catalogue of Life
6503,Septa hepatica,"(Röding, 1798)",Catalogue of Life
6534,Anisoloma Fauxulus sp. n. smooth,,
6548,Haliotis rugosa,"Lamarck, 1822",Catalogue of Life
6557,Ilanga bicarinata,"(A. Adams & Reeve, 1850)",Catalogue of Life
6599,Dendrofissurellum scutellum scutellum,,
15894,Trachycystis hairy sp. 1,,
15912,Trachycystis SE sp. 1,,
15913,Trachycystis SE sp. 2,,
15914,Trachycystis FF small,,
15917,Trachycystis patera,"Melvill & Ponsonby, 1903",Catalogue of Life
15921,Microkerkus maseruensis,"Connolly, 1929",Catalogue of Life
15922,Euonyma siliqua,"Connolly, 1910",Catalogue of Life
15923,Trachycystis ordinaria,"Melvill & Ponsonby, 1908",Catalogue of Life
15928,Lymnaea truncatula,"(O. F. Müller, 1774)",Catalogue of Life